0
0
0
0
0
0
0
0
0
0
0
0
0
0
0
0
0
0
0
0
0
0
0
0
0
0
0
0
0
0
0
0
0
0
0
0
0
0
0
0
0
0
0
0
0
0
0
0
0
0
0
0
0
0
0
0
0
0
0
0
0
0
0
0
0
0
0
0
0
0
0
0
4.03
3.85
4.06
4.2
1.61
0.69
1.17
49.24
67.16
69.84
27.16
36.08
246.08
246.81
220.61
204.56
218.3
239.92
220.93
54.09
13
11.45
9.17
14.48
122.34
227.71
189.18
194.84
191.62
182.75
190.13
210.79
204.37
215.22
201.71
196.22
113.65
116.08
255.46
248.22
233.18
224.17
242.75
224.31
242.54
220.52
212.61
132.03
195.65
198.92
225.05
204.11
208.72
328.22
338.47
329.09
602.2
601.48
620.81
602.2
763.1
764.86
764.34
772.03
764.3
770.24
775.71
777.83
778.56
782.23
767.2
764.62
786.72
782.34
786.41
582.39
585.27
703.21
774.6
772.57
770.46
773.87
792.73
794.69
782.67
765.53
768.73
773.46
767.92
745.06
743.38
745.23
743.26
740.5
750.06
752.38
660.62
658.3
631.6
653.28
640.19
642.43
644.89
617.13
595.45
582.54
638.03
644.35
472.75
447.71
470.79
478.67
514.07
535.26
513.34
499.82
521.16
519.67
493.64
483.14
315.76
364.09
383.02
318.74
330.06
306.92
274.85
263.99
249.17
234.85
222.12
255.05
63.94
49.05
48.04
15.63
16.52
15.08
155.32
155.18
146.07
166.58
134.93
149.9
10.44
10.26
17.05
56.19
69.21
9.31
9.43
9.89
9.66
10.12
12.96
10.1
0.56
0.58
0.57
0.58
0.49
0.51
0.54
0.55
0.57
0.54
0.57
0.65
0
0
0
0
0
0
0
0
0
0
0
0
0
0
0
0
0
0
0
0
0
0
0
0
0
0
0
0
0
0
0
0
0
0
0
0
0
0
0
0
0
0
0
0
0
0
0
0
0
0
0
0
0
0
0
0
0
0
0
0
0
0
0
0
0
0
0
0
0
0
0
0
0
0
0
0
0
0
0
0
0
0
0
0
0
0
0
0
0
0
0
0
0
0
0
0
0
0
0
0
0
0
0
0
0
0
0
0
0
0
0
0
0
0
0
0
0
0
0
0
4.39
4.22
3.88
4.24
4.49
2.26
3.65
3.29
3.06
5.3
5.39
4.98
62.43
91.73
119.4
131.53
154.13
169.54
157.98
144.34
24.73
5.57
8.68
17.04
128.5
98.31
162.29
179.33
188.25
185.23
175.59
185.61
174.29
182.01
193.11
200.35
376.72
410.12
396.81
465.6
392.68
362.06
382.77
389.8
377.63
394.83
422.46
468.95
610.18
622.12
629.25
659.85
504.23
440.95
412.1
399.63
461.48
437.11
423.67
313.71
522.14
620.4
602.89
630.64
615.46
631.61
501.76
495
361
436
351
366
343
391
872
893
761
417
516
515
755
618
728
806
805
597
392
390
443
587
468
633
585
770
728
728
736
737
714
734
689
671
371
522
642
641
619
575
564
579
541
443
502
531
518
488
346
427
380
206
216
214
180
145
117
115
130
125
106
96
86
80
77
69
64
54
47
40
31
17
8
4
0
0
0
0
0
0
0
0
0
0
0
0
0
0
0
0
0
0
0
0
0
0
0
0
0
0
0
0
0
0
0
0
0
0
0
0
0
0
0
0
0
0
0
0
0
0
0
0
0
0
0
0
0
0
0
0
0
0
0
0
0
0
0
0
0
0
0
0
0
0
0
0
0
0
0
0
0
0
0
0
0
0
0
0
0
0
0
0
0
0
0
0
0
0
0
0
0
0
0
0
0
0
0
0
0
0
0
0
0
0
0
0
0
0
0
0
0
0
0
0
0
0
0
0
0
0
0
0
0
0
0
0
0
0
0
0
0
0
0
0
0
0
0
0
0
0
0
0
0
0
0
0
0
0
0
0
0
0
0
0
0
3
10
16
23
31
36
58
66
64
72
123
142
170
186
202
195
249
268
290
305
323
340
357
380
395
411
405
161
198
188
191
166
150
175
360
614
592
562
575
621
694
689
693
616
296
383
392
345
678
743
531
450
608
802
797
815
480
823
752
516
755
816
839
834
809
731
848
860
858
852
843
840
843
841
835
826
821
819
809
809
785
794
764
786
776
706
592
771
609
750
684
728
740
473
453
473
581
584
596
384
548
377
436
552
579
487
498
322
238
405
338
223
136
224
160
209
246
201
69
60
109
76
53
51
41
45
27
24
18
8
0
0
0
0
0
0
0
0
0
0
0
0
0
0
0
0
0
0
0
0
0
0
0
0
0
0
0
0
0
0
0
0
0
0
0
0
0
0
0
0
0
0
0
0
0
0
0
0
0
0
0
0
0
0
0
0
0
0
0
0
0
0
0
0
0
0
0
0
0
0
0
0
0
0
0
0
0
0
0
0
0
0
0
0
0
0
0
0
0
0
0
0
0
0
0
0
0
0
0
0
0
0
0
0
0
0
0
0
0
0
0
0
0
0
0
0
0
0
0
0
0
0
0
0
0
0
0
0
0
0
0
0
0
0
0
0
0
0
0
0
0
0
0
0
0
0
0
0
0
0
0
0
0
0
0
0
0
1
8
18
27
30
36
51
67
82
98
115
130
145
163
186
209
204
240
265
271
300
325
345
352
379
405
419
423
171
153
154
157
161
170
183
513
567
589
564
632
625
542
650
427
486
245
404
579
323
565
739
532
419
625
775
789
791
802
801
827
825
829
832
839
780
579
564
315
611
811
807
798
809
821
808
806
804
786
786
782
781
766
758
749
727
717
704
681
670
662
648
645
617
597
575
561
550
533
524
507
482
466
437
433
420
399
391
374
366
351
326
308
294
258
245
232
209
195
181
164
145
120
97
80
61
49
34
25
19
11
4
1
1
0
0
0
0
0
0
0
0
0
0
0
0
0
0
0
0
0
0
0
0
0
0
0
0
0
0
0
0
0
0
0
0
0
0
0
0
0
0
0
0
0
0
0
0
0
0
0
0
0
0
0
0
0
0
0
0
0
0
0
0
0
0
0
0
0
0
0
0
0
0
0
0
0
0
0
0
0
0
0
0
0
0
0
0
0
0
0
0
0
0
0
0
0
0
0
0
0
0
0
0
0
0
0
0
0
0
0
0
0
0
0
0
0
0
0
0
0
0
0
0
0
0
0
0
0
0
0
0
0
0
0
0
0
0
0
0
0
0
0
0
0
0
0
0
0
0
0
0
0
0
0
0
0
0
0
1
7
15
25
34
46
62
77
94
110
126
141
157
168
192
207
214
221
231
255
274
294
313
315
342
359
378
396
219
194
197
202
205
208
212
465
547
563
575
588
597
606
613
624
637
378
389
588
393
440
629
529
442
597
711
731
747
751
757
775
781
811
816
820
799
810
813
825
777
812
610
714
832
849
846
815
818
769
650
586
761
750
695
659
744
304
224
414
258
165
540
635
535
559
593
590
579
537
526
528
521
480
460
457
437
422
404
386
370
354
334
314
294
263
244
233
214
194
180
157
146
122
97
87
73
55
38
28
21
13
6
0
0
0
0
0
0
0
0
0
0
0
0
0
0
0
0
0
0
0
0
0
0
0
0
0
0
0
0
0
0
0
0
0
0
0
0
0
0
0
0
0
0
0
0
0
0
0
0
0
0
0
0
0
0
0
0
0
0
0
0
0
0
0
0
0
0
0
0
0
0
0
0
0
0
0
0
0
0
0
0
0
0
0
0
0
0
0
0
0
0
0
0
0
0
0
0
0
0
0
0
0
0
0
0
0
0
0
0
0
0
0
0
0
0
0
0
0
0
0
0
0
0
0
0
0
0
0
0
0
0
0
0
0
0
0
0
0
0
0
0
0
0
0
0
0
0
0
0
0
0
0
0
0
0
0
0
0
0
0
2
8
13
18
23
31
38
47
57
66
76
89
101
110
119
132
168
214
200
223
244
260
400
422
434
310
263
245
243
253
262
277
291
408
490
592
576
594
568
626
645
656
655
463
399
583
480
409
547
546
447
605
686
736
750
754
763
766
767
773
777
776
778
790
779
784
781
785
783
775
786
764
752
707
757
771
757
709
304
233
495
484
600
678
659
668
683
689
677
654
665
644
616
441
567
509
496
493
474
491
493
450
376
406
385
356
335
307
285
262
244
229
213
200
188
181
165
145
134
122
106
92
78
59
45
35
23
13
5
0
0
0
0
0
0
0
0
0
0
0
0
0
0
0
0
0
0
0
0
0
0
0
0
0
0
0
0
0
0
0
0
0
0
0
0
0
0
0
0
0
0
0
0
0
0
0
0
0
0
0
0
0
0
0
0
0
0
0
0
0
0
0
0
0
0
0
0
0
0
0
0
0
0
0
0
0
0
0
0
0
0
0
0
0
0
0
0
0
0
0
0
0
0
0
0
0
0
0
0
0
0
0
0
0
0
0
0
0
0
0
0
0
0
0
0
0
0
0
0
0
0
0
0
0
0
0
0
0
0
0
0
0
0
0
0
0
0
0
0
0
0
0
0
0
0
0
0
0
0
0
0
0
0
0
0
0
0
0
5
12
19
25
32
40
54
61
71
79
90
85
107
121
137
180
212
229
211
220
273
295
313
332
350
369
245
199
206
210
217
227
234
409
510
526
549
570
584
594
606
623
641
485
379
525
541
469
436
516
434
580
632
728
742
757
762
759
770
776
780
779
774
779
779
785
791
790
778
779
778
771
767
766
766
763
765
758
755
750
739
725
721
708
695
682
682
674
657
640
584
616
612
599
582
569
553
537
523
509
490
472
456
438
425
405
392
371
351
328
314
293
264
260
241
209
187
143
142
142
119
107
88
67
40
27
22
14
6
0
0
0
0
0
0
0
0
0
0
0
0
0
0
0
0
0
0
0
0
0
0
0
0
0
0
0
0
0
0
0
0
0
0
0
0
0
0
0
0
0
0
0
0
0
0
0
0
0
0
0
0
0
0
0
0
0
0
0
0
0
0
0
0
0
0
0
0
0
0
0
0
0
0
0
0
0
0
0
0
0
0
0
0
0
0
0
0
0
0
0
0
0
0
0
0
0
0
0
0
0
0
0
0
0
0
0
0
0
0
0
0
0
0
0
0
0
0
0
0
0
0
0
0
0
0
0
0
0
0
0
0
0
0
0
0
0
0
0
0
0
0
0
0
0
0
0
0
0
0
0
0
0
0
0
0
0
0
5
13
20
29
40
47
55
72
74
93
118
138
158
171
174
201
202
200
210
243
275
306
331
353
370
390
407
252
171
175
177
181
185
188
389
555
563
580
599
620
637
655
651
661
563
358
500
557
586
444
436
424
565
608
755
755
752
760
759
753
762
774
766
762
780
773
770
777
771
770
766
761
772
774
763
762
765
759
759
747
732
725
719
712
707
694
683
667
655
644
636
622
606
595
580
569
554
539
517
513
496
476
458
443
423
409
390
374
355
338
324
299
283
254
244
227
207
193
174
157
136
121
104
90
70
46
33
30
22
13
10
4
0
0
0
0
0
0
0
0
0
0
0
0
0
0
0
0
0
0
0
0
0
0
0
0
0
0
0
0
0
0
0
0
0
0
0
0
0
0
0
0
0
0
0
0
0
0
0
0
0
0
0
0
0
0
0
0
0
0
0
0
0
0
0
0
0
0
0
0
0
0
0
0
0
0
0
0
0
0
0
0
0
0
0
0
0
0
0
0
0
0
0
0
0
0
0
0
0
0
0
0
0
0
0
0
0
0
0
0
0
0
0
0
0
0
0
0
0
0
0
0
0
0
0
0
0
0
0
0
0
0
0
0
0
0
0
0
0
0
0
0
0
0
0
0
0
0
0
0
0
0
0
0
0
0
0
0
0
6
14
20
29
36
45
58
74
88
104
120
139
157
174
188
208
225
244
262
276
295
312
332
350
371
386
266
175
179
185
183
187
190
361
532
549
559
578
594
609
633
641
658
616
346
455
560
633
579
389
409
545
578
753
770
781
788
791
787
799
803
802
805
806
808
806
803
799
809
801
792
796
796
788
784
779
774
764
755
747
736
719
713
707
694
684
666
656
654
638
634
620
603
594
575
550
528
532
500
491
485
454
439
431
411
390
373
364