0.0
0.0
0.0
0.0
0.0
0.0
0.0
0.0
0.0
0.0
0.0
0.0
0.0
0.0
0.0
0.0
0.0
0.0
0.0
0.0
0.0
0.0
0.0
0.0
0.0
0.0
0.0
0.0
0.0
0.0
0.0
0.0
0.0
0.0
0.0
0.0
0.0
0.0
0.0
0.0
0.0
0.0
0.0
0.0
0.0
0.0
0.0
0.0
0.0
0.0
0.0
0.0
0.0
0.0
0.0
0.0
0.0
0.0
0.0
0.0
0.0
0.0
0.0
0.0
0.0
0.0
0.0
0.0
0.0
0.0
0.0
0.0
0.0111272232568
0.0106093520787
0.0112084570211
0.0116195896561
0.00416176730505
0.00167327099831
0.00295399274182
0.159380828724
0.221146140375
0.230335892896
0.084665348798
0.114487536727
0.869092321269
0.873923990209
0.776701345538
0.717294916057
0.768086945505
0.845627539993
0.773748963234
0.174925397988
0.0385378639697
0.0336116151432
0.0265884753953
0.0432410288163
0.41698294746
0.803404912178
0.661380650829
0.681764392428
0.669896360526
0.636877236619
0.663590812571
0.739796058885
0.715590558056
0.751779951634
0.700369211853
0.680374648364
0.385118052368
0.394133544044
0.906605898585
0.879302026789
0.822771917174
0.789151665954
0.85759210762
0.789127455358
0.85752218348
0.778601939783
0.749921473677
0.452818771452
0.69025332049
0.700237594619
0.796804741743
0.721604977447
0.737922328724
1.19110162914
1.23017333109
1.19693198368
2.26391462581
2.2595148782
2.3428017439
2.27145976855
2.93000407328
2.92828107676
2.92421328949
2.95542820922
2.92391769627
2.94780643749
2.97195692827
2.98190687799
2.98470155169
2.99975458253
2.9574841934
2.94217419473
3.04418016031
3.02668701184
3.04186280604
2.21716588624
2.23277607157
2.70525683836
2.99471322324
2.98485287808
2.97699211451
2.99017153814
3.07440135351
3.08248294386
3.03740119072
2.96677479884
2.97719642491
2.99985993423
2.97713565106
2.88224035014
2.87695100621
2.88466660261
2.87469728653
2.86478997231
2.89750747361
2.90926162103
2.53935546111
2.53205957625
2.42577737378
2.51339045083
2.46267619628
2.47206491297
2.48080031352
2.362552067
2.2742986046
2.22260387994
2.44710482977
2.47289796043
1.78454202309
1.6848043574
1.77596014405
1.80726999401
1.94895462366
2.03355003505
1.9442213449
1.89176777092
1.97676480336
1.97111995151
1.86806730865
1.82600203722
1.16475461403
1.35269456382
1.4246996204
1.17363756695
1.21650739495
1.1273482423
1.00705934241
0.965169960531
0.905031059698
0.849676160265
0.801159696243
0.926840965155
0.2139843718
0.161870256921
0.158655747684
0.0481705007402
0.0509899228277
0.0462839644548
0.547072662616
0.546199846523
0.511867703045
0.588080904915
0.470416301691
0.52506535477
0.0310834022038
0.0305176314837
0.0523590566551
0.185510351271
0.231318532978
0.0275211093234
0.027952345927
0.0294230158788
0.0287251582144
0.0301624021182
0.0392180294618
0.0300337883871
0.0013510243938
0.00140301081714
0.00137776311092
0.00140380488574
0.00117047871771
0.00122218528963
0.00129945283805
0.0013250910267
0.00137675690972
0.00129872522383
0.00137695086353
0.00158643604968
0.0
0.0
0.0
0.0
0.0
0.0
0.0
0.0
0.0
0.0
0.0
0.0
0.0
0.0
0.0
0.0
0.0
0.0
0.0
0.0
0.0
0.0
0.0
0.0
0.0
0.0
0.0
0.0
0.0
0.0
0.0
0.0
0.0
0.0
0.0
0.0
0.0
0.0
0.0
0.0
0.0
0.0
0.0
0.0
0.0
0.0
0.0
0.0
0.0
0.0
0.0
0.0
0.0
0.0
0.0
0.0
0.0
0.0
0.0
0.0
0.0
0.0
0.0
0.0
0.0
0.0
0.0
0.0
0.0
0.0
0.0
0.0
0.0
0.0
0.0
0.0
0.0
0.0
0.0
0.0
0.0
0.0
0.0
0.0
0.0
0.0
0.0
0.0
0.0
0.0
0.0
0.0
0.0
0.0
0.0
0.0
0.0
0.0
0.0
0.0
0.0
0.0
0.0
0.0
0.0
0.0
0.0
0.0
0.0
0.0
0.0
0.0
0.0
0.0
0.0
0.0
0.0
0.0
0.0
0.0
0.012215635807
0.0117100139396
0.0107045656677
0.0117644408426
0.0125059813906
0.00598833230868
0.0100003578479
0.00896954266768
0.0082813586728
0.0148962513348
0.0151493926928
0.013934233343
0.205379868602
0.308572329277
0.407682423606
0.451916545702
0.533973414943
0.590257663486
0.548194596799
0.497995926603
0.0769685355409
0.015749793742
0.025293484344
0.0518734255389
0.443708813595
0.334504018117
0.566852801159
0.629796872069
0.663354493595
0.651573571394
0.61581342682
0.652960307899
0.610938975284
0.640561210043
0.684018938888
0.711413597306
1.39262885973
1.52309737234
1.47105209071
1.73842232186
1.45150213936
1.3314695045
1.41086427827
1.43607882869
1.38834365979
1.45497215219
1.56160753368
1.74290725523
2.31486298904
2.36555374386
2.39430856893
2.51657700185
1.89633367457
1.65225257187
1.53825531701
1.48899540613
1.73452090393
1.63792147475
1.59370886114
1.15739264457
1.99164646866
2.39087971896
2.32184480243
2.43466044734
2.3715653393
2.43530820692
1.91354772323
1.88014428163
1.31570094282
1.60661471583
1.27733995376
1.33533463549
1.24337176234
1.43346704831
3.33292969615
3.43209860226
2.9105691269
1.54011896421
1.9291279984
1.92455288051
2.87502803416
2.33301023812
2.77253089567
3.08156070137
3.08872233451
2.25565681642
1.4478253828
1.43673154841
1.64407382486
2.21227683298
1.74247024832
2.39417929793
2.21016939036
2.95258869766
2.7917450649
2.79723617695
2.82862923016
2.82990645939
2.73980338984
2.81501547301
2.6372926778
2.57078808175
1.37752639643
1.9675742891
2.44363898337
2.43323421668
2.35628454607
2.18472371034
2.13867819099
2.19999556992
2.05035938004
1.66090015058
1.8920406447
2.00459412159
1.95235222647
1.83293775592
1.27366136706
1.58999076678
1.40672508511
0.738070459439
0.774896435341
0.767329025833
0.637841265864
0.507187123689
0.403952767301
0.396269104534
0.451208089668
0.432612923019
0.363695520994
0.327421200008
0.291477536646
0.269927926589
0.259233753471
0.230753197631
0.21309647685
0.177901438939
0.153675890735
0.129450873126
0.0987621369673
0.0521506147206
0.0233557592694
0.0111528224599
0.0
0.0
0.0
0.0
0.0
0.0
0.0
0.0
0.0
0.0
0.0
0.0
0.0
0.0
0.0
0.0
0.0
0.0
0.0
0.0
0.0
0.0
0.0
0.0
0.0
0.0
0.0
0.0
0.0
0.0
0.0
0.0
0.0
0.0
0.0
0.0
0.0
0.0
0.0
0.0
0.0
0.0
0.0
0.0
0.0
0.0
0.0
0.0
0.0
0.0
0.0
0.0
0.0
0.0
0.0
0.0
0.0
0.0
0.0
0.0
0.0
0.0
0.0
0.0
0.0
0.0
0.0
0.0
0.0
0.0
0.0
0.0
0.0
0.0
0.0
0.0
0.0
0.0
0.0
0.0
0.0
0.0
0.0
0.0
0.0
0.0
0.0
0.0
0.0
0.0
0.0
0.0
0.0
0.0
0.0
0.0
0.0
0.0
0.0
0.0
0.0
0.0
0.0
0.0
0.0
0.0
0.0
0.0
0.0
0.0
0.0
0.0
0.0
0.0
0.0
0.0
0.0
0.0
0.0
0.0
0.0
0.0
0.0
0.0
0.0
0.0
0.0
0.0
0.0
0.0
0.0
0.0
0.0
0.0
0.0
0.0
0.0
0.0
0.0
0.0
0.0
0.0
0.0
0.0
0.0
0.0
0.0
0.0
0.0
0.0
0.0
0.0
0.0
0.0
0.0
0.0
0.0
0.0
0.0
0.0
0.0
0.00806054926333
0.0291623362796
0.0480373482984
0.0705660556155
0.0970293501602
0.113704105877
0.18807538273
0.215928048369
0.209575263054
0.23739133129
0.418419653393
0.487613901049
0.589826451663
0.648114765789
0.708727347376
0.682847789979
0.88395454436
0.955518572511
1.04114616261
1.09869120715
1.16673390668
1.23356768508
1.30034401954
1.38918456239
1.44794765422
1.51078087578
1.48706536807
0.562337173531
0.700206157302
0.664492831504
0.675236701661
0.581557614036
0.523073743284
0.616920681476
1.31753340972
2.31178566117
2.22400468679
2.1069940191
2.16258422366
2.34802645037
2.6348041282
2.61571152298
2.6368854213
2.32584374942
1.07840991816
1.41516305554
1.4487761691
1.26352370383
2.57861372169
2.84009212958
1.99803057397
1.67806801491
2.30391610343
3.08371385426
3.06252478138
3.14351773593
1.80192591704
3.17697032202
2.89427823084
1.95077429181
2.90926117407
3.16198954066
3.2578556786
3.23008978726
3.13451242826
2.81763755029
3.2946218663
3.34145905149
3.33218497529
3.30122664142
3.27311882805
3.26516022597
3.28168371373
3.26496442871
3.24366897428
3.21215661428
3.19275976179
3.17837497003
3.13760297331
3.13043850421
3.04081101226
3.08048959908
2.95632940415
3.04586388365
3.00025473024
2.7155225458
2.25638671317
2.9750752494
2.32461064217
2.8909067044
2.62489646519
2.80455078986
2.85411817537
1.78008517529
1.70150153417
1.78065789904
2.21375783052
2.22506023475
2.27392865256
1.42933788366
2.07963585547
1.40648772289
1.63489037867
2.097672769
2.20790145843
1.83858592068
1.88291921755
1.1877532141
0.86144848226
1.50928865777
1.24836405405
0.805352281126
0.476978647911
0.806779440214
0.565330319761
0.748918907157
0.890253508274
0.720130471044
0.232659434409
0.20034057454
0.375816561656
0.256434323005
0.174874792597
0.167674616681
0.133014979416
0.146854650593
0.0854651419115
0.0753718826675
0.0555267733895
0.023402304588
0.0
0.0
0.0
0.0
0.0
0.0
0.0
0.0
0.0
0.0
0.0
0.0
0.0
0.0
0.0
0.0
0.0
0.0
0.0
0.0
0.0
0.0
0.0
0.0
0.0
0.0
0.0
0.0
0.0
0.0
0.0
0.0
0.0
0.0
0.0
0.0
0.0
0.0
0.0
0.0
0.0
0.0
0.0
0.0
0.0
0.0
0.0
0.0
0.0
0.0
0.0
0.0
0.0
0.0
0.0
0.0
0.0
0.0
0.0
0.0
0.0
0.0
0.0
0.0
0.0
0.0
0.0
0.0
0.0
0.0
0.0
0.0
0.0
0.0
0.0
0.0
0.0
0.0
0.0
0.0
0.0
0.0
0.0
0.0
0.0
0.0
0.0
0.0
0.0
0.0
0.0
0.0
0.0
0.0
0.0
0.0
0.0
0.0
0.0
0.0
0.0
0.0
0.0
0.0
0.0
0.0
0.0
0.0
0.0
0.0
0.0
0.0
0.0
0.0
0.0
0.0
0.0
0.0
0.0
0.0
0.0
0.0
0.0
0.0
0.0
0.0
0.0
0.0
0.0
0.0
0.0
0.0
0.0
0.0
0.0
0.0
0.0
0.0
0.0
0.0
0.0
0.0
0.0
0.0
0.0
0.0
0.0
0.0
0.0
0.0
0.0
0.0
0.0
0.0
0.0
0.0
0.0
0.00246368477811
0.0228449108296
0.0541326108906
0.0831520936878
0.0929863629177
0.112937846834
0.163465424977
0.218432745868
0.271118785489
0.327562975162
0.388415328858
0.44271241447
0.496991441276
0.564034087087
0.648114765789
0.733677930242
0.713974570488
0.848881244681
0.942985865336
0.966798296117
1.0772130937
1.17160535272
1.24934855985
1.27392348544
1.38026159203
1.47917134781
1.53560407887
1.55104704751
0.597472136992
0.530937967458
0.534957058334
0.545964003406
0.560284587468
0.594768913547
0.64350764319
1.90592668061
2.12179086532
2.20554628149
2.10578889286
2.38233534809
2.35147476568
2.02616960015
2.45131456179
1.57589504207
1.80529620489
0.87800220518
1.48960005883
2.17769413449
1.18034963488
2.12723499564
2.82217312448
1.9993388014
1.55505366794
2.36783519447
2.96981604234
3.02821462718
3.0382995522
3.0887914243
3.09081696988
3.19532618832
3.19657603992
3.21603803264
3.22931324095
3.25575904729
3.01849807516
2.20503118967
2.14496171208
1.16018484626
2.32958171221
3.13447746137
3.13148507677
3.09377560357
3.13451242826
3.18860084057
3.14067466382
3.12537137429
3.122283711
3.05382401923
3.05877582154
3.04240356449
3.03044589799
2.96830817169
2.932880014
2.8934572785
2.80874085015
2.76812749933
2.7171384898
2.62728205367
2.57932554088
2.54696177695
2.48386532697
2.47015987978
2.36289212687
2.27941842276
2.19471799633
2.13782947052
2.09647661929
2.0290266465
1.99040101479
1.92061835097
1.82050367986
1.75523648642
1.63991686539
1.62622448439
1.57487080603
1.49304818812
1.46059572595
1.39288032651
1.35842267892
1.30027720246
1.20447710646
1.13414841014
1.07989500912
0.940691513669
0.889631513521
0.838835647307
0.752365236918
0.698845862897
0.644965487388
0.581016140516
0.510701601045
0.418324740256
0.33409281184
0.272514208395
0.20427987007
0.161833355403
0.109792159357
0.0791521745596
0.0591017043701
0.0330274013408
0.0112119169431
0.00253384463271
0.00253218199276
0.0
0.0
0.0
0.0
0.0
0.0
0.0
0.0
0.0
0.0
0.0
0.0
0.0
0.0
0.0
0.0
0.0
0.0
0.0
0.0
0.0
0.0
0.0
0.0
0.0
0.0
0.0
0.0
0.0
0.0
0.0
0.0
0.0
0.0
0.0
0.0
0.0
0.0
0.0
0.0
0.0
0.0
0.0
0.0
0.0
0.0
0.0
0.0
0.0
0.0
0.0
0.0
0.0
0.0
0.0
0.0
0.0
0.0
0.0
0.0
0.0
0.0
0.0
0.0
0.0
0.0
0.0
0.0
0.0
0.0
0.0
0.0
0.0
0.0
0.0
0.0
0.0
0.0
0.0
0.0
0.0
0.0
0.0
0.0
0.0
0.0
0.0
0.0
0.0
0.0
0.0
0.0
0.0
0.0
0.0
0.0
0.0
0.0
0.0
0.0
0.0
0.0
0.0
0.0
0.0
0.0
0.0
0.0
0.0
0.0
0.0
0.0
0.0
0.0
0.0
0.0
0.0
0.0
0.0
0.0
0.0
0.0
0.0
0.0
0.0
0.0
0.0
0.0
0.0
0.0
0.0
0.0
0.0
0.0
0.0
0.0
0.0
0.0
0.0
0.0
0.0
0.0
0.0
0.0
0.0
0.0
0.0
0.0
0.0
0.0
0.0
0.0
0.0
0.0
0.0
0.00249877423919
0.0200552595769
0.045290071973
0.0779301325185
0.107989873046
0.148874166606
0.204214172798
0.256748072414
0.317362822409
0.37446288753
0.432664911318
0.487397593488
0.546147175104
0.586804656114
0.675819364091
0.731874739374
0.758254523954
0.783646677126
0.82245418478
0.913401199828
0.984946751421
1.06227564819
1.13472426514
1.14425834928
1.24740645494
1.31411413915
1.38654394858
1.45710972701
0.781083151776
0.687787831462
0.699019961299
0.718931915316
0.730197450694
0.7414771743
0.757022243767
1.73471348512
2.05735908366
2.12350961506
2.17399678654
2.22353386971
2.26232100619
2.30048060425
2.32766766431
2.3755309174
2.42681827525
1.39985353074
1.4460891121
2.23378727024
1.46032713683
1.64583172907
2.39868633064
2.00123116223
1.65695077033
2.27348531625
2.73395429049
2.81855763677
2.88533460833
2.90157994866
2.92881074663
3.00302280531
3.03239798486
3.15293005972
3.17749624281
3.19696258696
3.10996414333
3.15190204461
3.16726704301
3.21120447438
3.01510999998
3.15802967421
2.33698678251
2.75864660052
3.24405201638
3.31698387693
3.30574437238
3.18163574985
3.19393873952
2.99023440942
2.50574202765
2.24327202744
2.95275304004
2.91451559686
2.69195092581
2.54388671127
2.88905876391
1.12446956104
0.814186727856
1.55523289671
0.945613043947
0.589546409637
2.05839833631
2.44337609855
2.04232262231
2.13606312532
2.27073806942
2.26305074739
2.21797896013
2.05035010493
2.0048861886
2.00768563223
1.9790561631
1.81668702185
1.73766642497
1.72405139024
1.64418937973
1.58431557943
1.5137369941
1.4423432829
1.37854860378
1.31455692503
1.23684694218
1.15894764714
1.08094333835
0.960857189037
0.887538099653
0.844583142891
0.771611719485
0.695523600171
0.642465229794
0.555965263308
0.514589975598
0.425550019273
0.333872351583
0.297499049047
0.24703303543
0.182951947006
0.123573872551
0.0893273809754
0.0657961698424
0.0395052641789
0.0173217209108
0.0
0.0
0.0
0.0
0.0
0.0
0.0
0.0
0.0
0.0
0.0
0.0
0.0
0.0
0.0
0.0
0.0
0.0
0.0
0.0
0.0
0.0
0.0
0.0
0.0
0.0
0.0
0.0
0.0
0.0
0.0
0.0
0.0
0.0
0.0
0.0
0.0
0.0
0.0
0.0
0.0
0.0
0.0
0.0
0.0
0.0
0.0
0.0
0.0
0.0
0.0
0.0
0.0
0.0
0.0
0.0
0.0
0.0
0.0
0.0
0.0
0.0
0.0
0.0
0.0
0.0
0.0
0.0
0.0
0.0
0.0
0.0
0.0
0.0
0.0
0.0
0.0
0.0
0.0
0.0
0.0
0.0
0.0
0.0
0.0
0.0
0.0
0.0
0.0
0.0
0.0
0.0
0.0
0.0
0.0
0.0
0.0
0.0
0.0
0.0
0.0
0.0
0.0
0.0
0.0
0.0
0.0
0.0
0.0
0.0
0.0
0.0
0.0
0.0
0.0
0.0
0.0
0.0
0.0
0.0
0.0
0.0
0.0
0.0
0.0
0.0
0.0
0.0
0.0
0.0
0.0
0.0
0.0
0.0
0.0
0.0
0.0
0.0
0.0
0.0
0.0
0.0
0.0
0.0
0.0
0.0
0.0
0.0
0.0
0.0
0.0
0.0
0.0
0.0
0.0
0.0
0.0
0.0
0.0
0.00527209739498
0.0232009434523
0.0388824847293
0.0549398810659
0.0713043304087
0.0979118910785
0.121425800797
0.152152123521
0.186700583087
0.218402079537
0.253730573992
0.300041475521
0.342962549821
0.3754638604
0.408129135607
0.455815759411
0.588172917807
0.759767564348
0.707665071571
0.794285384072
0.873063050182
0.934139568519
1.47311051514
1.56111695165
1.60894816761
1.12886362515
0.94802029892
0.880325005177
0.872180667594
0.910954984684
0.946405667033
1.00260982769
1.05608432218
1.51260889234
1.8324028673
2.23871158817
2.17440267184
2.2474234424
2.14617822769
2.37964006168
2.4564669348
2.50300349855
2.49981190487
1.73368191341
1.48430105522
2.21453269635
1.806056067
1.52798783115
2.07361859292
2.07165596661
1.67779983646
2.30553178838
2.62694337516
2.83327011799
2.89185295187
2.91376395391
2.95128712997
2.96446793891
2.96853720628
2.99782830061
3.01607612193
3.01199892226
3.02114296349
3.06815677093
3.02522809546
3.04664715603
3.03339835939
3.05171876783
3.0435485039
3.00988096832
3.05678351119
2.96884943305
2.92455830491
2.74439507477
2.94405099921
2.99257231852
2.93739033378
2.74278559979
1.12556898236
0.85009972184
1.88196164346
1.83619031822
2.30342612936
2.62021737429
2.54716835876
2.58462022547
2.64311971728
2.66838769429
2.61955648577
2.5219556388
2.57072527724
2.48944518624
2.37422208674
1.6670569672
2.17105092989
1.93740115072
1.88168951916
1.86971968588
1.79395980091
1.85930824962
1.86667572553
1.69517227514
1.40301188838
1.5211348298
1.43793885882
1.32366925085
1.24155758818
1.13285017475
1.04747005837
0.958264963867
0.888123614547
0.829566393431
0.768818281731
0.720112884259
0.674607449164
0.647922762967
0.587825951154
0.513210345313
0.472036011821
0.426808433148
0.368137204962
0.316637993423
0.26531168446
0.197388912939
0.148212892324
0.113516009131
0.0726610999429
0.0395574853825
0.0142631261795
0.0
0.0
0.0
0.0
0.0
0.0
0.0
0.0
0.0
0.0
0.0
0.0
0.0
0.0
0.0
0.0
0.0
0.0
0.0
0.0
0.0
0.0
0.0
0.0
0.0
0.0
0.0
0.0
0.0
0.0
0.0
0.0
0.0
0.0
0.0
0.0
0.0
0.0
0.0
0.0
0.0
0.0
0.0
0.0
0.0
0.0
0.0
0.0
0.0
0.0
0.0
0.0
0.0
0.0
0.0
0.0
0.0
0.0
0.0
0.0
0.0
0.0
0.0
0.0
0.0
0.0
0.0
0.0
0.0
0.0
0.0
0.0
0.0
0.0
0.0
0.0
0.0
0.0
0.0
0.0
0.0
0.0
0.0
0.0
0.0
0.0
0.0
0.0
0.0
0.0
0.0
0.0
0.0
0.0
0.0
0.0
0.0
0.0
0.0
0.0
0.0
0.0
0.0
0.0
0.0
0.0
0.0
0.0
0.0
0.0
0.0
0.0
0.0
0.0
0.0
0.0
0.0
0.0
0.0
0.0
0.0
0.0
0.0
0.0
0.0
0.0
0.0
0.0
0.0
0.0
0.0
0.0
0.0
0.0
0.0
0.0
0.0
0.0
0.0
0.0
0.0
0.0
0.0
0.0
0.0
0.0
0.0
0.0
0.0
0.0
0.0
0.0
0.0
0.0
0.0
0.0
0.0
0.0
0.0
0.0140005986535
0.0355407627555
0.0580138730339
0.0776435446296
0.100859431516
0.127782037784
0.175489137855
0.199727759117
0.234611965405
0.26310449391
0.302191107707
0.284377038495
0.363077211615
0.413446100673
0.472178899141
0.630493044197
0.749284874761
0.814679437461
0.747046191003
0.781211596373
0.981486338708
1.06501502599
1.13397991437
1.20821563156
1.27774135321
1.35000453585
0.876838822641
0.703472533593
0.73080833412
0.746028642704
0.772787720981
0.810664246205
0.837320829898
1.50851788935
1.90364005879
1.96783148248
2.05913370801
2.14208664995
2.19963972557
2.24003986576
2.2937028883
2.36376178143
2.43323421668
1.81510352963
1.40283032822
1.98011525926
2.04835384241
1.7625156993
1.63168956307
1.94695237181
1.62434424032
2.20831700497
2.42019154984
2.81004187691
2.86596752645
2.92688755268
2.94625463456
2.93980768137
2.98559670159
3.00516061268
3.02143768218
3.019331604
3.00678231619
3.03211783607
3.03505636404
3.05568296901
3.07721962924
3.06916417257
3.02410245545
3.03310418229
3.02802477181
3.00231184994
2.98690553162
2.98472429546
2.98472429546
2.96762231243
2.96906183873
2.93956872278
2.92163168488
2.90032587499
2.85284392768
2.79515089004
2.7789372789
2.72983452564
2.67889877924
2.62879676264
2.62620819424
2.58961484902
2.52262782681
2.45401164746
2.22869550517
2.35886252097
2.34351671933
2.28969676687
2.22210373672
2.17063554846
2.10578299839
2.04106238194
1.98509254082
1.92796037335
1.85230214286
1.78135079825
1.71728951965
1.64600753946
1.59357504933
1.51373909652
1.46166752213
1.37886545209
1.29984930688
1.2102903217
1.15592897302
1.07391772078
0.961572851861
0.946215928582
0.872894784063
0.751139015889
0.667762616347
0.502938150724
0.498729658858
0.498729658858
0.413829657522
0.369746136623
0.300523873463
0.225086462319
0.130307807796
0.0858604068013
0.0690158354213
0.0426757497552
0.0172932945425
0.0
0.0
0.0
0.0
0.0
0.0
0.0
0.0
0.0
0.0
0.0
0.0
0.0
0.0
0.0
0.0
0.0
0.0
0.0
0.0
0.0
0.0
0.0
0.0
0.0
0.0
0.0
0.0
0.0
0.0
0.0
0.0
0.0
0.0
0.0
0.0
0.0
0.0
0.0
0.0
0.0
0.0
0.0
0.0
0.0
0.0
0.0
0.0
0.0
0.0
0.0
0.0
0.0
0.0
0.0
0.0
0.0
0.0
0.0
0.0
0.0
0.0
0.0
0.0
0.0
0.0
0.0
0.0
0.0
0.0
0.0
0.0
0.0
0.0
0.0
0.0
0.0
0.0
0.0
0.0
0.0
0.0
0.0
0.0
0.0
0.0
0.0
0.0
0.0
0.0
0.0
0.0
0.0
0.0
0.0
0.0
0.0
0.0
0.0
0.0
0.0
0.0
0.0
0.0
0.0
0.0
0.0
0.0
0.0
0.0
0.0
0.0
0.0
0.0
0.0
0.0
0.0
0.0
0.0
0.0
0.0
0.0
0.0
0.0
0.0
0.0
0.0
0.0
0.0
0.0
0.0
0.0
0.0
0.0
0.0
0.0
0.0
0.0
0.0
0.0
0.0
0.0
0.0
0.0
0.0
0.0
0.0
0.0
0.0
0.0
0.0
0.0
0.0
0.0
0.0
0.0
0.0
0.0
0.0138505794057
0.0383892803624
0.0606474077454
0.0900369034894
0.126711358855
0.150374570965
0.177552403374
0.236192685828
0.243386461788
0.310657021276
0.399123927218
0.47248628908
0.545603485177
0.59349117199
0.604685876816
0.704325031544
0.708727347376
0.701097800758
0.737133100292
0.86122611734
0.981513899879
1.09919003796
1.19360650749
1.2790276557
1.34442268227
1.42154468434
1.48736214621
0.896684417277
0.597870207753
0.612636347364
0.621678621859
0.636298452063
0.65179300607
0.663172715186
1.42857889111
2.07800783956
2.11162395325
2.18165234974
2.25838807189
2.34328701349
2.40929942598
2.47850871302
2.4609725433
2.50240078581
2.10954664481
1.31025904374
1.86561605576
2.09073297159
2.20904418783
1.65017041112
1.62101176247
1.57564097464
2.13144191015
2.30468390713
2.89310447886
2.89500399439
2.88385492562
2.91803782287
2.91591311943
2.89450707053
2.93763499358
2.98627582702
2.95190898483
2.93473293576
3.00569551135
2.97831569101
2.97006221587
3.00237664531
2.98286141746
2.97394729974
2.96155377931
2.94219329948
2.98888354317
2.99702207792
2.95802920457
2.95297910422
2.95558004433
2.9302457272
2.93121203384
2.87779358252
2.81983133386
2.78968360005
2.76721900009
2.74245665381
2.71601392643
2.6661356925
2.61744581878
2.55133518467
2.5047255261
2.46291994214
2.42994126188
2.37061749472
2.30804155656
2.26323693425
2.20253906618
2.1600222423
2.10017307591
2.04170818968
1.95604762674
1.93884851775
1.86762307504
1.79022320602
1.71904065953
1.65928601766
1.58051929522
1.52499460203
1.44906662643
1.38653306416
1.31330822857
1.24674236795
1.19084147107
1.09494177852
1.03261799547
0.920799534319
0.882913859812
0.817910642267
0.742342214671
0.688800094782
0.617050696
0.553420738265
0.475567471942
0.420349123075
0.358330991303
0.307445995165
0.23545338462
0.150959245319
0.106091750052
0.095764557839
0.0688112516073
0.0393105424397
0.0297222945988
0.0111786151448
0.0
0.0
0.0
0.0
0.0
0.0
0.0
0.0
0.0
0.0
0.0
0.0
0.0
0.0
0.0
0.0
0.0
0.0
0.0
0.0
0.0
0.0
0.0
0.0
0.0
0.0
0.0
0.0
0.0
0.0
0.0
0.0
0.0
0.0
0.0
0.0
0.0
0.0
0.0
0.0
0.0
0.0
0.0
0.0
0.0
0.0
0.0
0.0
0.0
0.0
0.0
0.0
0.0
0.0
0.0
0.0
0.0
0.0
0.0
0.0
0.0
0.0
0.0
0.0
0.0
0.0
0.0
0.0
0.0
0.0
0.0
0.0
0.0
0.0
0.0
0.0
0.0
0.0
0.0
0.0
0.0
0.0
0.0
0.0
0.0
0.0
0.0
0.0
0.0
0.0
0.0
0.0
0.0
0.0
0.0
0.0
0.0
0.0
0.0
0.0
0.0
0.0
0.0
0.0
0.0
0.0
0.0
0.0
0.0
0.0
0.0
0.0
0.0
0.0
0.0
0.0
0.0
0.0
0.0
0.0
0.0
0.0
0.0
0.0
0.0
0.0
0.0
0.0
0.0
0.0
0.0
0.0
0.0
0.0
0.0
0.0
0.0
0.0
0.0
0.0
0.0
0.0
0.0
0.0
0.0
0.0
0.0
0.0
0.0
0.0
0.0
0.0
0.0
0.0
0.0
0.0
0.0
0.0169117666844
0.0416924843434
0.0609141685407
0.0903719855229
0.11385698207
0.14467075215
0.189344254923
0.245112016802
0.294900154833
0.35221010076
0.409698491901
0.478979738472
0.544325602141
0.606510590259
0.658775113601
0.732906209652
0.795956712401
0.867272377385
0.934546351682
0.988574937743
1.06218809994
1.127539322
1.20421047833
1.27350865524
1.35456009436
1.41276806227
0.955297827035
0.615492984762
0.630763670407
0.652229486718
0.645644655981
0.660101436052
0.671949188881
1.32268703929
1.99014308747
2.05913370801
2.10001433222
2.17659755578
2.24150174744
2.30335197713
2.39892026827
2.43083773719
2.50197827426
2.33583217044
1.27366136706
1.69825374142
2.11368187436
2.40684277431
2.19136424722
1.44184485646
1.52049133959
2.05754074685
2.19312359003
2.89642442263
2.96229789032
3.01172993303
3.03911673282
3.05426582553
3.04102313988
3.09077508811
3.10705215762
3.10602755662
3.11621272894
3.12434234225
3.13146044882
3.12841545717
3.11517627808
3.10087559744
3.13963947611
3.11207874005
3.0803146916
3.09666354114
3.09566873963
3.06397416373
3.05058969301
3.02720797603
3.00480391753
2.96691060791
2.92828984201
2.8975578538
2.85548824882
2.78526168993
2.75995747781
2.73818928183
2.68441245947
2.64289852362
2.57231605685
2.53253164981
2.52604976065
2.46268665595
2.44564183082
2.38733128114
2.31778698015
2.28363410661
2.20686110761
2.106031039
2.01879342494
2.03357545552
1.90444312689
1.86778042403
1.84435599164
1.72050398279
1.65963882862
1.62781712138
1.54839408993
1.46756506907
1.39938455461
1.36075139858
1.29963862826
1.17595662697
1.08906210114
0.981403866218
0.813767627801
0.789349727883
0.800491409612
0.740255185689
0.672629798633
0.600316142695
0.53338707954
0.488252140791
0.417636856832
0.355269874924
0.29349986782
0.211098629636
0.130479424184
0.0926548537779
0.0756711429018
0.0458947052351
0.0203707466067
0.00253469374621
0.00253384463271
0.0
0.0
0.0
0.0
0.0
0.0
0.0
0.0
0.0
0.0
0.0
0.0
0.0
0.0
0.0
0.0
0.0
0.0
0.0
0.0
0.0
0.0
0.0
0.0
0.0
0.0
0.0
0.0
0.0
0.0
0.0
0.0
0.0
0.0
0.0
0.0
0.0
0.0
0.0
0.0
0.0
0.0
0.0
0.0
0.0
0.0
0.0
0.0
0.0
0.0
0.0
0.0
0.0
0.0
0.0
0.0
0.0
0.0
0.0
0.0
0.0
0.0
0.0
0.0
0.0
0.0
0.0
0.0
0.0
0.0
0.0
0.0
0.0
0.0
0.0
0.0
0.0
0.0
0.0
0.0
0.0
0.0
0.0
0.0
0.0
0.0
0.0
0.0
0.0
0.0
0.0
0.0
0.0
0.0
0.0
0.0
0.0
0.0
0.0
0.0
0.0
0.0
0.0
0.0
0.0
0.0
0.0
0.0
0.0
0.0
0.0
0.0
0.0
0.0
0.0
0.0
0.0
0.0
0.0
0.0
0.0
0.0
0.0
0.0
0.0
0.0
0.0
0.0
0.0
0.0
0.0
0.0
0.0
0.0
0.0
0.0
0.0
0.0
0.0
0.0
0.0
0.0
0.0
0.0
0.0
0.0
0.0
0.0
0.0
0.0
0.0
0.0
0.0
0.0
0.0
0.0
0.00523338434311
0.0230307476822
0.0449879040085
0.0740523710781
0.107233152196
0.151340252226
0.199727759117
0.251365630452
0.318793159749
0.379118211533
0.443460335629
0.51648737018
0.58289675326
0.648773797824
0.727006722741
0.812168207653
0.879618205023
0.969907915792
1.04178527261
1.12456910723
1.19600163196
1.29471892128
1.39992600398
1.46665440406
1.53022618685
1.59792765686
1.66153262652
1.02151537597
0.375336781411
0.382682248924
0.390424432826
0.390680436518
0.394436104391
0.395087831261
1.1860131023
2.29442857835
2.36408408201
2.42760096136
2.4618728541
2.52748063017
2.60490240753
2.65740712885
2.70316716551
2.78237619433
2.79681780557
1.2746004906
1.35985286957
2.37327887538
2.46443051552
2.89785013188
1.8192909621
1.42809786513
2.04691318965
2.26278465266
3.18116175078
3.22602051988
3.26159267004
3.26973120479
3.30637591212
3.31021308267
3.3191326581
3.36596984329
3.35589884581
3.3574874411
3.35072536586
3.34772858187
3.3613766428
3.35181371384
3.3613766428
3.33898661341
3.32884550439
3.34390870986
3.32153399132
3.31353451227
3.30534495241
3.26832415591
3.22044104007
3.19073915307
3.18056052547
3.16726704301
3.12426484973
3.13452252891
3.06796216179
3.04958604223
3.01475232638
2.96379827092
2.90256804426
2.81562995937
2.79387008741
2.74494369135
2.69836689302
2.64718898466
2.57564103618
2.51710953677
2.43438747516
2.33952374813
2.32334186616
2.23252154907
2.15856992061
2.12015525712
2.06037773896
2.00270673052
1.92235227085
1.83992077131
1.77698786989
1.72384488566
1.66340576335
1.61295726512
1.51716360416
1.44890965075
1.32878447561
1.25519814355
1.18522793845
1.05462968132
1.03702147436
1.02424429837
0.926538557447
0.838301778299
0.750033090127
0.659039584187
0.609213344469
0.526787314674
0.448419501384
0.38537377159
0.301116175605
0.183011724475
0.106440758418
0.0859741594633
0.0591409092976
0.0298498284111
0.0082507417583
0.00534071147119
0.0
0.0
0.0
0.0
0.0
0.0
0.0
0.0
0.0
0.0
0.0
0.0
0.0
0.0
0.0
0.0
0.0
0.0
0.0
0.0
0.0
0.0
0.0
0.0
0.0
0.0
0.0
0.0
0.0
0.0
0.0
0.0
0.0
0.0
0.0
0.0
0.0
0.0
0.0
0.0
0.0
0.0
0.0
0.0
0.0
0.0
0.0
0.0
0.0
0.0
0.0
0.0
0.0
0.0
0.0
0.0
0.0
0.0
0.0
0.0
0.0
0.0
0.0
0.0
0.0
0.0
0.0
0.0
0.0
0.0
0.0
0.0
0.0
0.0
0.0
0.0
0.0
0.0
0.0
0.0
0.0
0.0
0.0
0.0
0.0
0.0
0.0
0.0
0.0
0.0
0.0
0.0
0.0
0.0
0.0
0.0
0.0
0.0
0.0
0.0
0.0
0.0
0.0
0.0
0.0
0.0
0.0
0.0
0.0
0.0
0.0
0.0
0.0
0.0
0.0
0.0
0.0
0.0
0.0
0.0
0.0
0.0
0.0
0.0
0.0
0.0
0.0
0.0
0.0
0.0
0.0
0.0
0.0
0.0
0.0
0.0
0.0
0.0
0.0
0.0
0.0
0.0
0.0
0.0
0.0
0.0
0.0
0.0
0.0
0.0
0.0
0.0
0.0
0.0
0.0
0.0
0.00516832755733
0.0227288434809
0.0349090561964
0.0540588678871
0.0995762291863
0.159964115976
0.211609301802
0.28492951961
0.35246090309
0.420449737433
0.499264073039
0.571720776695
0.66502297672
0.732186995794
0.823472064053
0.911770885936
0.993896706788
1.06983796602
1.14273687249
1.22278778658
1.30226115006
1.38086840056
1.45609776172
1.5412767459
1.63609172087
1.69475785921
1.75697964149
1.13477821765
0.296479875029
0.299843523027
0.31105385301
0.304012037504
0.307481182472
0.3072784471
1.03046333442
2.3791822724
2.44724965884
2.51250329062
2.59772609625
2.6565931901
2.68938124063
2.75049900013
2.83075817906
2.84370882873
2.93373239364
1.54182051194
1.10731784406
2.19641224281
2.59060735185
3.11800929485
2.7147646615
1.48969412704
2.03501474703
2.26232100619
3.2042092545
3.24124633315
3.27893194101
3.29870699827
3.30556489053
3.31970393773
3.33002808856
3.35716325489
3.35856848627
3.39827360998
3.37192466102
3.42686953375
3.40383208144
3.39787787995
3.37443858106
3.33461916161
3.34852550315
3.35508448292
3.31656631161
3.30449448846
3.26121839242
3.24182586816
3.26032124552
3.19997571876
3.18556641766
3.13044115208
3.11101586677
3.08523297704
3.02491805377
3.01396610029
2.92421264234
2.86863355511
2.84417035708
2.80293084752
2.74049974878
2.69022835826
2.58043872701
2.54382391569
2.54051088303
2.48628120997
2.41695631923
2.36289212687
2.29594113826
2.22902907244
2.15387013442
2.06640616458
2.03306662849
1.95652785081
1.87403909708
1.80519527726
1.73597362975
1.67930768498
1.62333558176
1.52803581071
1.44092363415
1.37630911242
1.29627216711
1.22984952064
1.16596854872
1.0138580543
0.963460371862
0.906135160791
0.832032978442
0.755914516594
0.675735521805
0.600118698866
0.547595776307
0.480683029714
0.417636856832
0.344231450408
0.271801105203
0.189691281059
0.106196321016
0.0891516183151
0.0623296541674
0.0329621572025
0.0111971846259
0.00532840153924
0.0
0.0
0.0
0.0
0.0
0.0
0.0
0.0
0.0
0.0
0.0
0.0
0.0
0.0
0.0
0.0
0.0
0.0
0.0
0.0
0.0
0.0
0.0
0.0
0.0
0.0
0.0
0.0
0.0
0.0
0.0
0.0
0.0
0.0
0.0
0.0
0.0
0.0
0.0
0.0
0.0
0.0
0.0
0.0
0.0
0.0
0.0
0.0
0.0
0.0
0.0
0.0
0.0
0.0
0.0
0.0
0.0
0.0
0.0
0.0
0.0
0.0
0.0
0.0
0.0
0.0
0.0
0.0
0.0
0.0
0.0
0.0
0.0
0.0
0.0
0.0
0.0
0.0
0.0
0.0
0.0
0.0
0.0
0.0
0.0
0.0
0.0
0.0
0.0
0.0
0.0
0.0
0.0
0.0
0.0
0.0
0.0
0.0
0.0
0.0
0.0
0.0
0.0
0.0
0.0
0.0
0.0
0.0
0.0
0.0
0.0
0.0
0.0
0.0
0.0
0.0
0.0
0.0
0.0
0.0
0.0
0.0
0.0
0.0
0.0
0.0
0.0
0.0
0.0
0.0
0.0
0.0
0.0
0.0
0.0
0.0
0.0
0.0
0.0
0.0
0.0
0.0
0.0
0.0
0.0
0.0
0.0
0.0
0.0
0.0
0.0
0.0
0.0
0.0
0.0
0.0
0.0
0.0138177693358
0.0381554135351
0.0540955353075
0.0897327438487
0.156630678393
0.215202709381
0.277740750198
0.344434834814
0.416167213038
0.480577873333
0.557188812105
0.631539316324
0.707186452621
0.79987225377
0.885775102693
0.955942259981
1.03315327427
1.10952329012
1.19059342636
1.28694109517
1.35093387524
1.4349675483
1.5120695726
1.58729180988
1.64329923932
1.6950207877
1.22493433881
0.326766787997
0.330546630077
0.330881222725
0.324937546641
0.321251798376
0.325368234306
0.907813295135
2.34838849552
2.42273627778
2.4886588116
2.55621816882
2.60222347135
2.6632380763
2.71767909478
2.76737234623
2.82792805862
2.90402880888
1.90348256395
1.0480898032
1.83270811026
2.36152378375
2.90862869935
2.98798218697
1.46289995801
2.044875435
2.17623202656
3.14635947025
3.23343594246
3.2537029564
3.31152501674
3.29666976577
3.35871062483
3.37056678991
3.35871062483
3.3408544562
3.34871988589
3.34871988589
3.32401738026
3.31428235005
3.34117864241
3.33788930301
3.33110153121
3.29245384434
3.29032953449
3.31779648954
3.26586633645
3.27847374385
3.285776778
3.26229118947
3.2305028693
3.18132100697
3.17421505385
3.14774483139
3.07541186143
3.042677497
2.98753572423
2.92977021964
2.8784385921
2.88749689966
2.79018381727
2.7744219563
2.72894603864
2.73299944143
2.63985179722
2.56468592686
2.4435053783
2.35212882378
2.3170244319
2.27920090018
2.2637677494
2.19372878544
2.1324469666
2.03772227713
1.97454589027
1.90805031269
1.84653408035
1.76935090919
1.69700385766
1.62541196508
1.55794342112
1.4852744645
1.38789159054
1.30466129629
1.22183562605
1.15638947934
1.02074642763
0.967347719573
0.924622900548
0.849165015096
0.765556607524
0.693473721092
0.628486794444
0.57949622701
0.508863182561
0.423464100418
0.340260807375
0.264445856414
0.182531989175
0.0993825627376
0.0823544584947
0.0589657612877
0.0297612666216
0.0111861038185
0.00821534700343
0.0
0.0
0.0
0.0
0.0
0.0
0.0
0.0
0.0
0.0
0.0
0.0
0.0
0.0
0.0
0.0
0.0
0.0
0.0
0.0
0.0
0.0
0.0
0.0
0.0
0.0
0.0
0.0
0.0
0.0
0.0
0.0
0.0
0.0
0.0
0.0
0.0
0.0
0.0
0.0
0.0
0.0
0.0
0.0
0.0
0.0
0.0
0.0
0.0
0.0
0.0
0.0
0.0
0.0
0.0
0.0
0.0
0.0
0.0
0.0
0.0
0.0
0.0
0.0
0.0
0.0
0.0
0.0
0.0
0.0
0.0
0.0
0.0
0.0
0.0
0.0
0.0
0.0
0.0
0.0
0.0
0.0
0.0
0.0
0.0
0.0
0.0
0.0
0.0
0.0
0.0
0.0
0.0
0.0
0.0
0.0
0.0
0.0
0.0
0.0
0.0
0.0
0.0
0.0
0.0
0.0
0.0
0.0
0.0
0.0
0.0
0.0
0.0
0.0
0.0
0.0
0.0
0.0
0.0
0.0
0.0
0.0
0.0
0.0
0.0
0.0
0.0
0.0
0.0
0.0
0.0
0.0
0.0
0.0
0.0
0.0
0.0
0.0
0.0
0.0
0.0
0.0
0.0
0.0
0.0
0.0
0.0
0.0
0.0
0.0
0.0
0.0
0.0
0.0
0.0
0.0
0.0
0.0167408264058
0.0350522704733
0.0508729756869
0.0766038522637
0.139845455894
0.207390678071
0.266267433929
0.327122525557
0.401344709216
0.479768301174
0.549747375964
0.637110366558
0.711095855269
0.80175597061
0.882647125102
0.970082228501
1.04241356195
1.12305712826
1.20016688764
1.27384355946
1.34711844131
1.43592115102
1.51866090062
1.59141318268
1.67258058005
1.76110015185
1.33926303224
0.334339362359
0.323205187505
0.324395464591
0.328077619161
0.32428834637
0.331432077019
0.783389690707
2.2902474087
2.39102156642
2.47974780276
2.58006573244
2.64382785913
2.68404080305
2.73726057375
2.78486499596
2.90080226683
2.9237348101
2.31208702464
1.11298520067
1.67414152885
2.48761311915
3.13532757054
3.18874797781
1.45260173182
2.08206487151
2.00525515781
3.18418630894
3.28768536366
3.35904429119
3.38200584902
3.3502601145
3.39385805194
3.40460571675
3.45659291636
3.42278440178
3.40532513084
3.45065380233
3.44063958001
3.46110490132
3.39235032085
3.37568830654
3.36188471132
3.39643545282
3.47042602586
3.42426732296
3.37964286849
3.35697955019
3.34689835439
3.29715882388
3.22136054685
3.26137168269
3.17539042657
3.11105712245
3.0628688858
3.0794890611
3.09779194721
3.04675469668
2.96762231243
2.92141650343
2.83158089282
2.84243824199
2.78571568807
2.71670846971
2.64397209003
2.62173960228
2.53253164981
2.44407892016
2.42875663053
2.35189269118
2.28652933423
2.20516911659
2.1528460884
2.06106811071
2.0007436315
1.92812188148
1.86633089399
1.78881293693
1.72120969172
1.65842269222
1.57829929085
1.49406700471
1.43418211967
1.35842267892
1.26046191308
1.18154757281
1.02761785638
0.962506958372
0.939778796431
0.869647138819
0.814111072923
0.73429468698
0.622017712996
0.577280029533
0.50969903671
0.439295754937
0.362328494456
0.282310833488
0.189566774911
0.123209436945
0.0924116329496
0.0655375138872
0.0361131083336
0.0141786912365
0.011182369711
0.0
0.0
0.0
0.0
0.0
0.0
0.0
0.0
0.0
0.0
0.0
0.0
0.0
0.0
0.0
0.0
0.0
0.0
0.0
0.0
0.0
0.0
0.0
0.0
0.0
0.0
0.0
0.0
0.0
0.0
0.0
0.0
0.0
0.0
0.0
0.0
0.0
0.0
0.0
0.0
0.0
0.0
0.0
0.0
0.0
0.0
0.0
0.0
0.0
0.0
0.0
0.0
0.0
0.0
0.0
0.0
0.0
0.0
0.0
0.0
0.0
0.0
0.0
0.0
0.0
0.0
0.0
0.0
0.0
0.0
0.0
0.0
0.0
0.0
0.0
0.0
0.0
0.0
0.0
0.0
0.0
0.0
0.0
0.0
0.0
0.0
0.0
0.0
0.0
0.0
0.0
0.0
0.0
0.0
0.0
0.0
0.0
0.0
0.0
0.0
0.0
0.0
0.0
0.0
0.0
0.0
0.0
0.0
0.0
0.0
0.0
0.0
0.0
0.0
0.0
0.0
0.0
0.0
0.0
0.0
0.0
0.0
0.0
0.0
0.0
0.0
0.0
0.0
0.0
0.0
0.0
0.0
0.0
0.0
0.0
0.0
0.0
0.0
0.0
0.0
0.0
0.0
0.0
0.0
0.0
0.0
0.0
0.0
0.0
0.0
0.0
0.0
0.0
0.0
0.0
0.0
0.00244780823054
0.0166839840555
0.0318103801279
0.0506823506159
0.0698756986454
0.129323275072
0.19336923422
0.245368317539
0.300940905613
0.365179572054
0.436455255746
0.509067038239
0.586070142209
0.668450759636
0.754383183268
0.846605052467
0.926431140916
1.01060761566
1.08432007953
1.18899956706
1.26123348587
1.32956849134
1.41669716321
1.48213330355
1.55570598055
1.62266137199
1.6976815936
1.41652260149
0.348169020224
0.351894212519
0.356210759894
0.369968935128
0.373962708116
0.36333309734
0.712124421484
2.3114943748
2.40371256976
2.46999526049
2.55207846098
2.62803243077
2.62521894643
2.69417523776
2.80127371515
2.84512349361
2.88788453152
2.68384657674
1.2129813238
1.34884332393
2.42270320607
3.04091927858
3.09179712468
1.61251718836
1.95285542773
1.9097747049
3.07754268498
3.2585746589
3.30229871244
3.33846996996
3.38086193281
3.37600979298
3.31371928987
3.37754925325
3.34852550315
3.40124793117
3.39974694947
3.37474382673
3.37379623979
3.44641104162
3.45701183706
3.44768266571
3.40163221873
3.38901633215
3.38195063913
3.39089289875
3.35806632401
3.35779957936
3.34416713576
3.32511852362
3.30279213023
3.25062343604
3.17013785418
3.17934323559
3.11009216733
3.0998834227
3.03070587729
2.99213206007
2.9749204131
2.92094042849
2.85784485629
2.82979775865
2.74877473595
2.71678583028
2.64389726771
2.58726068083
2.53949010329
2.45809297713
2.44117238243
2.37513720208
2.31883377159
2.26188742862
2.17770554938
2.09560172745
2.02578014116
1.96799366313
1.88627529505
1.81753208051
1.75237766856
1.67614632661
1.60122582834
1.51961586711
1.4371749912
1.35060143597
1.28257453122
1.16641931167
1.03498918772
1.0272789969
0.948814718757
0.849720538032
0.758968644863
0.675516647815
0.637025615291
0.580639101373
0.498407222226
0.416955327524
0.321804428534
0.199879885698
0.1196569749
0.0788663740148
0.065515727205
0.0361370540834
0.0142020668091
0.00531953641831
0.00530903664199
0.0
0.0
0.0
0.0
0.0
0.0
0.0
0.0
0.0
0.0
0.0
0.0
0.0
0.0
0.0
0.0
0.0
0.0
0.0
0.0
0.0
0.0
0.0
0.0
0.0
0.0
0.0
0.0
0.0
0.0
0.0
0.0
0.0
0.0
0.0
0.0
0.0
0.0
0.0
0.0
0.0
0.0
0.0
0.0
0.0
0.0
0.0
0.0
0.0
0.0
0.0
0.0
0.0
0.0
0.0
0.0
0.0
0.0
0.0
0.0
0.0
0.0
0.0
0.0
0.0
0.0
0.0
0.0
0.0
0.0
0.0
0.0
0.0
0.0
0.0
0.0
0.0
0.0
0.0
0.0
0.0
0.0
0.0
0.0
0.0
0.0
0.0
0.0
0.0
0.0
0.0
0.0
0.0
0.0
0.0
0.0
0.0
0.0
0.0
0.0
0.0
0.0
0.0
0.0
0.0
0.0
0.0
0.0
0.0
0.0
0.0
0.0
0.0
0.0
0.0
0.0
0.0
0.0
0.0
0.0
0.0
0.0
0.0
0.0
0.0
0.0
0.0
0.0
0.0
0.0
0.0
0.0
0.0
0.0
0.0
0.0
0.0
0.0
0.0
0.0
0.0
0.0
0.0
0.0
0.0
0.0
0.0
0.0
0.0
0.0
0.0
0.0
0.0
0.0
0.0
0.0
0.0196993652253
0.0381036878836
0.0602163592314
0.0796704423435
0.13266962629
0.200606317491
0.255847810233
0.315798844675
0.366044716829
0.433910771508
0.50168682072
0.538687681934
0.581649275134
0.688823189506
0.757188770438
0.769530685975
0.84261788935
1.01097997765
1.07789338924
1.14945466241
1.22750424622
1.306658308
1.38024560885
1.43347753495
1.49987203515
1.54506027086
1.39198573736
0.433821964376
0.439041526922
0.453541762331
0.471392259504
0.474549107692
0.478182098839
0.696256026098
2.13545990707
2.24686475258
2.31452423474
2.36971714393
2.37207351768
2.38314048765
2.51731029898
2.57324391124
2.65347426609
2.71337740294
2.68982722088
1.48429714185
1.16572248527
2.19568072559
2.86114695471
2.85564768431
1.89562265849
1.75676218573
2.00658876858
2.70309373506
2.99782200033
3.10907483168
3.15877417259
3.04933086969
3.07563234755
3.12528844283
3.05631736369
3.21286274072
3.26071569413
3.24301067776
3.26285503506
3.07552005517
3.11519069237
3.17520044536
3.15684297447
3.19857951528
3.11518585176
3.13648706488
3.04622953922
2.80531125334
2.9292732091
2.89279258402
2.97443430179
2.66843947992
2.21375783052
2.56064045637
3.00139667299
3.02477779955
2.83604494501
2.80011159502
2.73931055322
2.46933645407
2.49599337485
2.43307474284
2.36366474883
2.62216272375
2.64647155694
2.52590581815
2.4354303019
2.20862679861
2.13730514195
2.0530615006
1.90130839413
2.01574590066
1.99297436536
1.97570261846
1.90193443413
1.85412903643
1.75809021843
1.72465422472
1.64654804648
1.6059512715
1.53836193504
1.45774103606
1.36233330039
1.31155737442
1.22355163554
1.14615423194
1.08620670513
0.943618027251
0.916450603193
0.870505420652
0.798257781678
0.751385370764
0.656459095856
0.603669240672
0.558057617666
0.486815803973
0.409617344449
0.332888610505
0.224789011483
0.150860586214
0.116230223425
0.0923813936284
0.0622063161224
0.0361010309006
0.0234330555296
0.00532309882366
0.0
0.0
0.0
0.0
0.0
0.0
0.0
0.0
0.0
0.0
0.0
0.0
0.0
0.0
0.0
0.0
0.0
0.0
0.0
0.0
0.0
0.0
0.0
0.0
0.0
0.0
0.0
0.0
0.0
0.0
0.0
0.0
0.0
0.0
0.0
0.0
0.0
0.0
0.0
0.0
0.0
0.0
0.0
0.0
0.0
0.0
0.0
0.0
0.0
0.0
0.0
0.0
0.0
0.0
0.0
0.0
0.0
0.0
0.0
0.0
0.0
0.0
0.0
0.0
0.0
0.0
0.0
0.0
0.0
0.0
0.0
0.0
0.0
0.0
0.0
0.0
0.0
0.0
0.0
0.0
0.0
0.0
0.0
0.0
0.0
0.0
0.0
0.0
0.0
0.0
0.0
0.0
0.0
0.0
0.0
0.0
0.0
0.0
0.0
0.0
0.0
0.0
0.0
0.0
0.0
0.0
0.0
0.0
0.0
0.0
0.0
0.0
0.0
0.0
0.0
0.0
0.0
0.0
0.0
0.0
0.0
0.0
0.0
0.0
0.0
0.0
0.0
0.0
0.0
0.0
0.0
0.0
0.0
0.0
0.0
0.0
0.0
0.0
0.0
0.0
0.0
0.0
0.0
0.0
0.0
0.0
0.0
0.0
0.0
0.0
0.0
0.0
0.0
0.0
0.00519648229799
0.0138599390669
0.0259525965758
0.0447001208619
0.0638517833121
0.0833213367428
0.12662618907
0.187566637631
0.239262344246
0.291744807176
0.340674815874
0.401612507162
0.469789067736
0.518025991417
0.592298099578
0.665173613128
0.748246245701
0.834808625223
0.909562415217
0.982164050354
1.06136836011
1.13327971664
1.21503914016
1.29645787899
1.35953802348
1.44362730501
1.49654906299
1.57789629182
1.47836104478
0.498851431732
0.485036970083
0.496675357637
0.497003779871
0.508354498626
0.515884552158
0.66382961474
2.05111713887
2.1643880703
2.18771929842
2.2814358484
2.31958321905
2.29730043856
2.4276375633
2.40850132638
2.49414809202
2.45967449176
2.66951102064
1.61775934068
1.00571805171
2.0842132982
2.74831523767
2.73620161741
2.10072507875
1.58971392558
1.99392404411
2.55937853189
3.02406389644
3.05517400138
3.09588711548
3.14469760058
3.14567903938
3.16711163658
3.1640780462
3.22022377433
3.18356069051
3.23971648585
3.23154622191
3.25712532816
3.24170755615
3.28770148608
3.20807148231
3.08246976251
3.18977543559
3.18769652597
3.16521705002
3.09579785979
3.1641812374
3.10688536875
3.06994176065
3.07105501432
2.97196853486
2.9333131341
2.97099573988
2.92771047134
2.89314389587
2.82469173494
2.74759131414
2.74971960758
2.69195092581
2.70355883905
2.61663655428
2.57053441466
2.51704958691
2.4782011549
2.429655509
2.36922362972
2.32816558132
2.24145706803
2.1958602345
2.12112026257
2.06038944602
1.98780794166
1.92609541636
1.85110831153
1.80225086948
1.71561153469
1.64204932421
1.58172779225
1.52504942055
1.46118844948
1.40628898677
1.33540529444
1.23483394345
1.16093340831
1.08269628806
0.944226344757
0.924421873152
0.870505420652
0.775412771842
0.695978986981
0.620293206724
0.596374655587
0.532339481183
0.450793003615
0.402154733818
0.314465108939
0.228267135904
0.140501526981
0.0958587055761
0.0924416896381
0.049121756987
0.0297910178325
0.0203438679207
0.00533015065721
0.0
0.0
0.0
0.0
0.0
0.0
0.0
0.0
0.0
0.0
0.0
0.0
0.0
0.0
0.0
0.0
0.0
0.0
0.0
0.0
0.0
0.0
0.0
0.0
0.0
0.0
0.0
0.0
0.0
0.0
0.0
0.0
0.0
0.0
0.0
0.0
0.0
0.0
0.0
0.0
0.0
0.0
0.0
0.0
0.0
0.0
0.0
0.0
0.0
0.0
0.0
0.0
0.0
0.0
0.0
0.0
0.0
0.0
0.0
0.0
0.0
0.0
0.0
0.0
0.0
0.0
0.0
0.0
0.0
0.0
0.0
0.0
0.0
0.0
0.0
0.0
0.0
0.0
0.0
0.0
0.0
0.0
0.0
0.0
0.0
0.0
0.0
0.0
0.0
0.0
0.0
0.0
0.0
0.0
0.0
0.0
0.0
0.0
0.0
0.0
0.0
0.0
0.0
0.0
0.0
0.0
0.0
0.0
0.0
0.0
0.0
0.0
0.0
0.0
0.0
0.0
0.0
0.0
0.0
0.0
0.0
0.0
0.0
0.0
0.0
0.0
0.0
0.0
0.0
0.0
0.0
0.0
0.0
0.0
0.0
0.0
0.0
0.0
0.0
0.0
0.0
0.0
0.0
0.0
0.0
0.0
0.0
0.0
0.0
0.0
0.0
0.0
0.0
0.0
0.0
0.00248373129553
0.0230462537606
0.0450479919266
0.0677664375553
0.0841113805763
0.114047738187
0.176018877028
0.224813004085
0.281307307192
0.327641538269
0.395944750703
0.458241851618
0.525359908906
0.598262994704
0.652033476568
0.709044590694
0.776035120889
0.852141794839
0.917944235391
1.0009547042
1.0699723375
1.15535945241
1.21807921818
1.29568356659
1.33745804439
1.40924760474
1.48285892125
1.46531828878
0.608363158698
0.589325555568
0.590107613384
0.597370388135
0.617658586499
0.621811784128
0.704327348824
1.99598032599
2.16305335479
2.23158942023
2.29375542106
2.35134959325
2.39467258933
2.46853046365
2.51276887332
2.57144355271
2.60132739518
2.63500258696
1.92837239722
1.17494390027
2.06563870407
2.76762250364
2.61744581878
2.34316176851
1.67779983646
1.90370296301
2.44921572965
2.95867507277
3.04598924807
3.0836063532
3.12537137429
3.12231600128
3.15493359865
3.153911772
3.17118883625
3.16618411044
3.19173095444
3.18252463831
3.20093002572
3.20892724259
3.20511188002
3.19478003421
3.19275976179
3.1866460888
3.16211480618
3.1866460888
3.13861141601
3.11818575618
3.10996414333
3.08333420711
2.98733626775
2.91479964328
2.96788340289
2.97797901352
2.87215513902
2.82967002752
2.8510259295
2.7888980308
2.7259814797
2.7295235606
2.70243616039
2.63646271462
2.57637739193
2.51384883322
2.44494098585
2.37943247772
2.28067882982
2.22746541251
2.20210714412
2.13630540991
2.0939422213
2.04359074586
1.91803862548
1.86338053456
1.76897625186
1.70370962982
1.64824906302
1.62249320755
1.55625306417
1.45651646985
1.34718521024
1.28295391625
1.25735607375
1.18576086922
1.13747041403
1.06331717807
0.935445000882
0.866525309824
0.830922722232
0.761951116215
0.689532488445
0.598525402578
0.531216058597
0.496974833938
0.426250130453
0.374625319671
0.297596983866
0.232812505792
0.141103236623
0.0962063502509
0.0825714771083
0.052495816251
0.0266635143019
0.00534071147119
0.00533715945627
0.0
0.0
0.0
0.0
0.0
0.0
0.0
0.0
0.0
0.0
0.0
0.0
0.0
0.0
0.0
0.0
0.0
0.0
0.0
0.0
0.0
0.0
0.0
0.0
0.0
0.0
0.0
0.0
0.0
0.0
0.0
0.0
0.0
0.0
0.0
0.0
0.0
0.0
0.0
0.0
0.0
0.0
0.0
0.0
0.0
0.0
0.0
0.0
0.0
0.0
0.0
0.0
0.0
0.0
0.0
0.0
0.0
0.0
0.0
0.0
0.0
0.0
0.0
0.0
0.0
0.0
0.0
0.0
0.0
0.0
0.0
0.0
0.0
0.0
0.0
0.0
0.0
0.0
0.0
0.0
0.0
0.0
0.0
0.0
0.0
0.0
0.0
0.0
0.0
0.0
0.0
0.0
0.0
0.0
0.0
0.0
0.0
0.0
0.0
0.0
0.0
0.0
0.0
0.0
0.0
0.0
0.0
0.0
0.0
0.0
0.0
0.0
0.0
0.0
0.0
0.0
0.0
0.0
0.0
0.0
0.0
0.0
0.0
0.0
0.0
0.0
0.0
0.0
0.0
0.0
0.0
0.0
0.0
0.0
0.0
0.0
0.0
0.0
0.0
0.0
0.0
0.0
0.0
0.0
0.0
0.0
0.0
0.0
0.0
0.0
0.0
0.0
0.0
0.0
0.0
0.00247536283532
0.0168774643338
0.0353383602546
0.0544261655259
0.0804566959532
0.120330772412
0.188455466902
0.229490948062
0.27572958696
0.3287812329
0.386662815359
0.444649547163
0.506605164751
0.572492213281
0.650727513514
0.722730781444
0.78634432703
0.810115791785
0.874223208996
0.942997419432
1.05706031983
1.12401687002
1.18257041613
1.26101979878
1.33680888677
1.40725871985
1.46535273055
1.46535273055
0.590315646402
0.549784129157
0.542031745982
0.538519234311
0.546987485312
0.569029458695
0.62456466403
1.90158706987
2.07957493688
2.12767818366
2.22857724307
2.28992994201
2.33352300961
2.38371150356
2.46447855283
2.51430621646
2.55919587691
2.61255849961
2.18442938681
1.34795492898
1.78684784825
2.68562944424
2.43320544416
2.47172980801
1.64512371836
1.74616242499
2.24001138893
2.89439687203
2.90658087727
2.96853720628
3.00205755941
2.99894776505
3.02648546536
3.03452309766
3.09266756273
3.06825800007
3.09479027972
3.09880172654
3.0813126935
3.07823391891
3.0803146916
2.97916600381
2.89348065413
2.88183454112
2.87903136039
2.95297910422
2.91104913874
2.92298929176
2.87609699102
2.79701522173
2.86158416349
2.90065537659
2.82748782856
2.78655718594
2.81338747878
2.76482073461
2.71817448711
2.65233168915
2.57416264329
2.51221055257
2.53583698798
2.56103948253
2.52198842557
2.41975850343
2.37903831575
2.32738733666
2.28948527001
2.2186950366
2.15703689001
2.0979718272
2.02085137465
1.91585013223
1.91985594124
1.89520648197
1.79745676374
1.74161222176
1.66941637846
1.61275437208
1.50927696682
1.44261058774
1.37123688382
1.31577332171
1.26787526087
1.1701501125
1.07670244189
1.05521197837
0.931898450983
0.88899158824
0.842126549826
0.780240786649
0.71561429152
0.621105233376
0.556693350371
0.504090898557
0.447688996153
0.377920286729
0.301214110423
0.24703303543
0.161938828238
0.106509696243
0.0826789231556
0.0493326479845
0.026742491854
0.0142912140276
0.0053600483941
0.0
0.0
0.0
0.0
0.0
0.0
0.0
0.0
0.0
0.0
0.0
0.0
0.0
0.0
0.0
0.0
0.0
0.0
0.0
0.0
0.0
0.0
0.0
0.0
0.0
0.0
0.0
0.0
0.0
0.0
0.0
0.0
0.0
0.0
0.0
0.0
0.0
0.0
0.0
0.0
0.0
0.0
0.0
0.0
0.0
0.0
0.0
0.0
0.0
0.0
0.0
0.0
0.0
0.0
0.0
0.0
0.0
0.0
0.0
0.0
0.0
0.0
0.0
0.0
0.0
0.0
0.0
0.0
0.0
0.0
0.0
0.0
0.0
0.0
0.0
0.0
0.0
0.0
0.0
0.0
0.0
0.0
0.0
0.0
0.0
0.0
0.0
0.0
0.0
0.0
0.0
0.0
0.0
0.0
0.0
0.0
0.0
0.0
0.0
0.0
0.0
0.0
0.0
0.0
0.0
0.0
0.0
0.0
0.0
0.0
0.0
0.0
0.0
0.0
0.0
0.0
0.0
0.0
0.0
0.0
0.0
0.0
0.0
0.0
0.0
0.0
0.0
0.0
0.0
0.0
0.0
0.0
0.0
0.0
0.0
0.0
0.0
0.0
0.0
0.0
0.0
0.0
0.0
0.0
0.0
0.0
0.0
0.0
0.0
0.0
0.0
0.0
0.0
0.0
0.0
0.00804434019571
0.0198941738234
0.0384930868668
0.060893487095
0.0837729049554
0.120330772412
0.192026192824
0.244209316603
0.296947244067
0.354006771136
0.422153100851
0.498325567774
0.560011328952
0.622618498973
0.697633588012
0.753212452602
0.783460715055
0.850871459605
0.900736257448
0.964970887314
0.96120304715
0.916673402372
1.05733967226
1.08586232387
1.23914709156
1.30410461145
1.33856648304
1.25991564949
0.597870207753
0.561591283639
0.575751202603
0.587001705245
0.579431787521
0.591671709943
0.621267281676
1.72213566887
2.08913267547
2.16978552237
2.22150471106
2.29105510869
2.32584374942
2.35277232371
2.45471305948
2.50184661866
2.53396128803
2.58795901002
2.50290989558
1.68087637616
1.62081972923
2.70448239713
2.35796752233
2.63587239661
1.4641469356
1.93487443791
2.03439960234
2.89185295187
2.92142138243
2.94264802711
2.96504241354
2.9772026219
3.01884971888
3.01084353622
3.00654284095
2.99619339515
2.99604907111
3.02550694956
3.02453394275
3.04687146372
3.04787200171
3.0539293648
3.03674174488
3.03564040269
3.027341599
3.01821429897
2.99664951819
2.98733626775
2.95369913247
2.95491812685
2.95011655652
2.90819309742
2.86122143179
2.83807752269
2.8064878616
2.76676927068
2.73516713757
2.70234301616
2.66268516809
2.63370228407
2.58506145063
2.55100724744
2.47982882565
2.45722383948
2.4143946344
2.34831361083
2.28716201274
2.21994268237
2.16897890852
2.11434513157
2.05105527326
1.97389306982
1.92901094871
1.85024957851
1.79196080643
1.7297663892
1.65230031836
1.58704165547
1.5093117471
1.44501209875
1.38277766415
1.30983782941
1.23201140963
1.15866152708
1.10095957923
1.01890904387
0.915252726923
0.868228746515
0.830401081873
0.746125919425
0.666668254466
0.587536390741
0.523866966633
0.475567471942
0.413014859401
0.36161587063
0.295647777
0.238776919482
0.171609321637
0.119617802175
0.0889756265902
0.0622271794481
0.0393368159463
0.0297417803728
0.0141927940502
0.0
0.0
0.0
0.0
0.0
0.0
0.0
0.0
0.0
0.0
0.0
0.0
0.0
0.0
0.0
0.0
0.0
0.0
0.0
0.0
0.0
0.0
0.0
0.0
0.0
0.0
0.0
0.0
0.0
0.0
0.0
0.0
0.0
0.0
0.0
0.0
0.0
0.0
0.0
0.0
0.0
0.0
0.0
0.0
0.0
0.0
0.0
0.0
0.0
0.0
0.0
0.0
0.0
0.0
0.0
0.0
0.0
0.0
0.0
0.0
0.0
0.0
0.0
0.0
0.0
0.0
0.0
0.0
0.0
0.0
0.0
0.0
0.0
0.0
0.0
0.0
0.0
0.0
0.0
0.0
0.0
0.0
0.0
0.0
0.0
0.0
0.0
0.0
0.0
0.0
0.0
0.0
0.0
0.0
0.0
0.0
0.0
0.0
0.0
0.0
0.0
0.0
0.0
0.0
0.0
0.0
0.0
0.0
0.0
0.0
0.0
0.0
0.0
0.0
0.0
0.0
0.0
0.0
0.0
0.0
0.0
0.0
0.0
0.0
0.0
0.0
0.0
0.0
0.0
0.0
0.0
0.0
0.0
0.0
0.0
0.0
0.0
0.0
0.0
0.0
0.0
0.0
0.0
0.0
0.0
0.0
0.0
0.0
0.0
0.0
0.0
0.0
0.0
0.0
0.0
0.00247286074709
0.0138927754857
0.0259877884772
0.044730841033
0.0608317408503
0.0836878339566
0.126882908451
0.160776904659
0.191768317274
0.264754442941
0.272123804483
0.41771595326
0.468555876435
0.560198908127
0.648773797824
0.727006722741
0.805806268818
0.870154879348
0.942377144263
0.999570118063
1.09074768926
1.15036779401
1.2361473132
1.31132111621
1.38887401427
1.47350606863
1.53686352631
1.59215763667
0.655074023085
0.518532237236
0.536918915448
0.547420246207
0.550918284152
0.547601584533
0.574545823842
1.87964383779
2.18990244745
2.2593554401
2.32278428901
2.38864735583
2.41807072066
2.47780090263
2.51765909031
2.57267321717
2.59460522857
2.66841943049
2.65500655946
1.93995494659
1.48431013687
2.41883640448
2.29898578304
2.77562664129
1.33017433558
2.11733791226
1.70774859022
2.80234402563
2.76677707054
3.0083774004
3.03576189336
3.06945248545
3.07051116586
3.08263655336
3.17013785418
3.13549252717
3.09788902186
3.12738324915
3.06326001631
3.07552005517
3.11211074323
3.11721697495
3.17226031271
3.04298999613
3.14978173853
3.16303443691
3.1090625756
3.14779387546
3.16919153864
3.13553764849
3.07746680488
3.07645456713
3.0846734605
3.0052965743
2.7146278837
2.99001320352
3.00936584167
2.78340088206
2.59663969454
2.64594800152
2.60302492896
2.53689891496
2.52885556774
2.51439640762
2.51037473401
2.44921572965
2.37264424997
2.31406606567
2.23089680795
2.18215023142
2.13488053597
2.02510500763
1.88017622777
1.90743293198
1.93992860855
1.8097532563
1.85845631986
1.78462404658
1.73540057088
1.62988271665
1.54169535331
1.4641469356
1.38715550799
1.4014424225
1.33107082032
1.2262323016
1.08656724806
1.0366778953
0.939778796431
0.683735239104
0.728647915487
0.744046822738
0.660662201894
0.533037371798
0.532683513297
0.43235853903
0.347641790066
0.300425747911
0.217981027417
0.137267590291
0.106196321016
0.0689930526722
0.0623094021339
0.0556914294903
0.0266195554728
0.00823171953596
0.0
0.0
0.0
0.0
0.0
0.0
0.0
0.0
0.0
0.0
0.0
0.0
0.0
0.0
0.0
0.0
0.0
0.0
0.0
0.0
0.0
0.0
0.0
0.0
0.0
0.0
0.0
0.0
0.0
0.0
0.0
0.0
0.0
0.0
0.0
0.0
0.0
0.0
0.0
0.0
0.0
0.0
0.0
0.0
0.0
0.0
0.0
0.0
0.0
0.0
0.0
0.0
0.0
0.0
0.0
0.0
0.0
0.0
0.0
0.0
0.0
0.0
0.0
0.0
0.0
0.0
0.0
0.0
0.0
0.0
0.0
0.0
0.0
0.0
0.0
0.0
0.0
0.0
0.0
0.0
0.0
0.0
0.0
0.0
0.0
0.0
0.0
0.0
0.0
0.0
0.0
0.0
0.0
0.0
0.0
0.0
0.0
0.0
0.0
0.0
0.0
0.0
0.0
0.0
0.0
0.0
0.0
0.0
0.0
0.0
0.0
0.0
0.0
0.0
0.0
0.0
0.0
0.0
0.0
0.0
0.0
0.0
0.0
0.0
0.0
0.0
0.0
0.0
0.0
0.0
0.0
0.0
0.0
0.0
0.0
0.0
0.0
0.0
0.0
0.0
0.0
0.0
0.0
0.0
0.0
0.0
0.0
0.0
0.0
0.0
0.0
0.0
0.0
0.00246368477811
0.0197867720718
0.0383369259504
0.054242491143
0.0736283794348
0.0933030035117
0.126668908524
0.243634493923
0.296146362808
0.339311642895
0.410683817799
0.487937665541
0.52827844601
0.587345009246
0.686078188142
0.779999636066
0.85863162925
0.953667366822
1.05971551452
1.14238272299
1.22687377619
1.30706452965
1.36894348589
1.40329628254
1.48449760067
1.56597292944
1.68749943705
1.75179821759
1.79064162318
0.586025341689
0.34956424478
0.35709834673
0.364532282719
0.364653982802
0.372477746339
0.401420671824
1.86354607934
2.3870987029
2.46717915195
2.56188798707
2.64105149433
2.72137546498
2.7869695392
2.83914817625
2.85002172206
2.89002798411
2.95647318274
3.02718123966
2.20076118069
1.3560932456
1.28478311578
1.88102592896
2.94708933612
1.32153269931
2.46290619163
1.33410895397
3.29741049118
3.32920365558
3.39865089903
3.43208212456
3.48042717981
3.46336690814
3.49089134717
3.50407556024
3.49701598114
3.56336828846
3.57746412856
3.58861647022
3.48994826991
3.29860620528
3.42717049283
3.48820424943
3.4897056494
3.472440153
3.46304990224
3.44921470059
3.45221425623
3.4398398759
3.37089067592
3.34922701467
3.32218008779
3.27578751256
3.2205110199
3.18983774296
3.15600856843
3.14063710678
3.09059020693
3.04550091027
3.02312284406
2.98635665636
2.91386665249
2.85622563766
2.84494436228
2.81410321199
2.69335390056
2.60918610227
2.58406720121
2.51373005996
2.47013983025
2.44511122489
2.36769435474
2.30025412505
2.18999380622
2.09902979391
2.06500445189
1.99457642525
1.93695910838
1.88047538196
1.7943185744
1.70885470651
1.64170976861
1.58257450878
1.51668427929
1.41989397478
1.31283240433
1.18658057716
1.04235823246
1.04689333343
1.01605257015
0.912322832429
0.811905279977
0.62576968857
0.610766488152
0.554329438977
0.531637760283
0.442398069586
0.412744167597
0.231896347877
0.182290532859
0.133366868805
0.0923813936284
0.0721373662738
0.0490084860716
0.0265406644417
0.00820999210005
0.0
0.0
0.0
0.0
0.0
0.0
0.0
0.0
0.0
0.0
0.0
0.0
0.0
0.0
0.0
0.0
0.0
0.0
0.0
0.0
0.0
0.0
0.0
0.0
0.0
0.0
0.0
0.0
0.0
0.0
0.0
0.0
0.0
0.0
0.0
0.0
0.0
0.0
0.0
0.0
0.0
0.0
0.0
0.0
0.0
0.0
0.0
0.0
0.0
0.0
0.0
0.0
0.0
0.0
0.0
0.0
0.0
0.0
0.0
0.0
0.0
0.0
0.0
0.0
0.0
0.0
0.0
0.0
0.0
0.0
0.0
0.0
0.0
0.0
0.0
0.0
0.0
0.0
0.0
0.0
0.0
0.0
0.0
0.0
0.0
0.0
0.0
0.0
0.0
0.0
0.0
0.0
0.0
0.0
0.0
0.0
0.0
0.0
0.0
0.0
0.0
0.0
0.0
0.0
0.0
0.0
0.0
0.0
0.0
0.0
0.0
0.0
0.0
0.0
0.0
0.0
0.0
0.0
0.0
0.0
0.0
0.0
0.0
0.0
0.0
0.0
0.0
0.0
0.0
0.0
0.0
0.0
0.0
0.0
0.0
0.0
0.0
0.0
0.0
0.0
0.0
0.0
0.0
0.0
0.0
0.0
0.0
0.0
0.0
0.0
0.0
0.0
0.0
0.0
0.00800905852397
0.0289564429975
0.0477945955776
0.0670630503008
0.076707244483
0.113052920131
0.166804725451
0.194290106299
0.288533058825
0.345134400294
0.456650606963
0.55141349139
0.478753236405
0.482852102283
0.698984144982
0.572878724815
0.848324211611
1.13738239028
0.847454688055
1.09247415955
1.33409622516
0.687231598799
1.29421423851
1.30226115006
1.45270122526
1.57107719822
1.8037679671
1.61286596087
0.908538032733
0.590294803263
0.607725382812
0.66445814077
0.702768099463
0.617147564429
0.598865629042
1.91236058217
2.3870987029
2.40926900291
2.37122942811
2.49644515642
2.541154778
2.57638692345
2.68539226589
2.75558419285
2.79129496388
2.79255994075
2.85829679629
2.36939510586
1.42185744369
1.19661056914
1.03543958031
1.74207450484
1.4760178669
2.25733083913
1.57719258336
2.98263843401
3.19135642224
3.23804765728
3.29988867737
3.24917407201
3.19334575603
3.31099437973
3.22164500792
3.34852550315
3.36706589373
3.36736367571
3.32212944209
2.78429554416
2.38005864095
3.33899350949
3.57162873913
3.56172763991
3.41425013699
3.43320164052
3.41648044685
3.40420125407
3.34717274193
3.33052609734
3.4335884475
2.64154986621
2.66352592987
2.28923789092
2.41133242074
2.44595243565
2.67889877924
2.71094836552
2.49276154734
2.43703614849
2.01241492536
2.16379792871
1.83521199218
2.31634081948
2.38486895194
2.23379123944
1.59728760473
1.75012064024
1.72015439484
1.70885470651
1.57947444189
1.81397249749
1.87588440416
2.16615872454
1.98057870828
1.94554142342
1.87955884706
1.84773027426
1.75633588381
1.66268527545
1.58704165547
1.5093117471
1.41804464808
1.34845814336
1.29984930688
1.21915871476
1.10411255177
1.00032945215
0.988787962809
0.92170500195
0.785805482291
0.762513927037
0.632026869115
0.599138342621
0.568500238379
0.51661434628
0.431084578291
0.36161587063
0.224495274116
0.181930132319
0.126399470648
0.0855790597872
0.0588882353248
0.0425350741385
0.0265580568388
0.00820185100384
0.0
0.0
0.0
0.0
0.0
0.0
0.0
0.0
0.0
0.0
0.0
0.0
0.0
0.0
0.0
0.0
0.0
0.0
0.0
0.0
0.0
0.0
0.0
0.0
0.0
0.0
0.0
0.0
0.0
0.0
0.0
0.0
0.0
0.0
0.0
0.0
0.0
0.0
0.0
0.0
0.0
0.0
0.0
0.0
0.0
0.0
0.0
0.0
0.0
0.0
0.0
0.0
0.0
0.0
0.0
0.0
0.0
0.0
0.0
0.0
0.0
0.0
0.0
0.0
0.0
0.0
0.0
0.0
0.0
0.0
0.0
0.0
0.0
0.0
0.0
0.0
0.0
0.0
0.0
0.0
0.0
0.0
0.0
0.0
0.0
0.0
0.0
0.0
0.0
0.0
0.0
0.0
0.0
0.0
0.0
0.0
0.0
0.0
0.0
0.0
0.0
0.0
0.0
0.0
0.0
0.0
0.0
0.0
0.0
0.0
0.0
0.0
0.0
0.0
0.0
0.0
0.0
0.0
0.0
0.0
0.0
0.0
0.0
0.0
0.0
0.0
0.0
0.0
0.0
0.0
0.0
0.0
0.0
0.0
0.0
0.0
0.0
0.0
0.0
0.0
0.0
0.0
0.0
0.0
0.0
0.0
0.0
0.0
0.0
0.0
0.0
0.0
0.0
0.0
0.00803881749203
0.0198603950535
0.0352666756707
0.0640891477145
0.106908828643
0.140320626927
0.160669381805
0.191768317274
0.195013128474
0.240152216382
0.284737034461
0.344904292747
0.356609698945
0.456806026499
0.381538060124
0.649829011934
0.805195367605
0.780571699595
0.527041320346
0.57057893278
0.691843467209
0.662612153357
1.02771867036
1.07612139883
0.719840492786
1.34891627663
0.771265726077
1.29975731975
0.973667823661
0.812509100543
0.813593336767
0.822908514959
0.883155584437
0.875651633289
0.815486363551
1.75433532791
2.12361973119
2.17767022368
2.23684322271
2.27274916235
2.40374549051
2.46983687836
2.49128198064
2.56006852651
2.61517549407
2.67914152161
2.70712332625
2.55546576722
1.43308828592
1.89895636218
1.82324124505
1.4642377583
1.21646411127
1.78404339053
1.97218296418
2.84727497009
3.00874788177
3.06339643483
3.08876531222
3.08470397714
3.09894051143
3.1243512637
3.07246565837
3.14776924751
3.07953708582
3.01343510905
3.1507848411
3.04687146372
3.08963754786
3.17435437437
2.9824924026
2.92377526514
2.40486750153
3.20494136844
2.76948006651
2.78301461101
2.45804125336
3.04675469668
2.86656086859
2.94915708351
2.47580611517
2.63725989581
2.73882364124
2.85341553605
2.06572490822
2.34775249987
1.81811545964
2.19156876663
2.09755825948
2.46612045526
2.24029797154
2.47657381086
2.46291994214
2.40339453592
2.30804155656
2.22105369914
2.20437910894
2.11214290919
2.05233585454
2.01383410477
1.97606135525
1.8734384957
1.80546918366
1.73427915926
1.68185019363
1.59914653369
1.547545005
1.48138512483
1.41294514313
1.33624951832
1.2579904978
1.20475221884
1.13097207804
1.04662201661
0.969906612144
0.843967227763
0.752209398573
0.759269157051
0.672203548635
0.630575114079
0.548616984201
0.48168855319
0.444905280231
0.397185394714
0.317349861953
0.252698771312
0.16098323955
0.122885434601
0.0821647025896
0.0490249548264
0.0297222945988
0.0328860424399
0.0172249934043
0.00252632159742
0.0
0.0
0.0
0.0
0.0
0.0
0.0
0.0
0.0
0.0
0.0
0.0
0.0
0.0
0.0
0.0
0.0
0.0
0.0
0.0
0.0
0.0
0.0
0.0
0.0
0.0
0.0
0.0
0.0
0.0
0.0
0.0
0.0
0.0
0.0
0.0
0.0
0.0
0.0
0.0
0.0
0.0
0.0
0.0
0.0
0.0
0.0
0.0
0.0
0.0
0.0
0.0
0.0
0.0
0.0
0.0
0.0
0.0
0.0
0.0
0.0
0.0
0.0
0.0
0.0
0.0
0.0
0.0
0.0
0.0
0.0
0.0
0.0
0.0
0.0
0.0
0.0
0.0
0.0
0.0
0.0
0.0
0.0
0.0
0.0
0.0
0.0
0.0
0.0
0.0
0.0
0.0
0.0
0.0
0.0
0.0
0.0
0.0
0.0
0.0
0.0
0.0
0.0
0.0
0.0
0.0
0.0
0.0
0.0
0.0
0.0
0.0
0.0
0.0
0.0
0.0
0.0
0.0
0.0
0.0
0.0
0.0
0.0
0.0
0.0
0.0
0.0
0.0
0.0
0.0
0.0
0.0
0.0
0.0
0.0
0.0
0.0
0.0
0.0
0.0
0.0
0.0
0.0
0.0
0.0
0.0
0.0
0.0
0.0
0.0
0.0
0.0
0.0
0.0
0.0109422414802
0.0259966061894
0.0479239179854
0.0705660556155
0.100116376952
0.136942474518
0.208939555818
0.265290117148
0.321042139956
0.368396031741
0.404601273404
0.437577097086
0.499165050556
0.510246088194
0.582699346456
0.639661961875
0.664832210792
0.79862055175
0.863243108932
0.947092575993
1.06148599247
1.0990640652
1.17355680029
1.24886115
1.32588771398
1.37964412862
1.45904590625
1.52626471578
0.872773558996
0.593048231395
0.611780670664
0.633848956834
0.63841453564
0.665370758768
0.718221722642
1.50133636352
1.7603223106
2.23680722062
2.30674954153
2.35675433584
2.40612468427
2.33044960974
2.46267708375
2.57461584496
2.62317124751
2.52748063017
2.54030768022
2.38770144798
1.45889358426
1.56119197463
2.6116947612
2.46694161575
1.57419114713
1.23442925325
1.53091254516
2.67808854333
3.00753861058
3.12536613427
2.47096328935
2.98304308327
3.15184644718
3.14369204784
3.2374676403
2.9940824709
2.95920787436
3.06616096382
3.18142313766
3.20691536774
3.2109098509
3.26586633645
3.20169703998
3.19972923396
3.19044098053
3.09688798238
3.19657603992
3.15684297447
3.1618845596
3.11417078596
3.09892377545
3.10501065255
3.07658130697
3.03902842434
2.9749204131
2.94435559081
2.94049378532
2.7780236089
2.62599348519
2.76542666373
2.79605819224
2.75370319218
2.68524709499
2.60834002416
2.56064045637
2.51859028861
2.45561799289
2.37325323562
2.34428400493
2.27985444383
2.2046130573
2.13782947052
2.06904751899
2.00573926336
1.9405680731
1.8715948228
1.77678880167
1.72181938314
1.66470645045
1.60147561523
1.51078051963
1.46261593415
1.36410062926
1.30196507146
1.23134114931
1.16794263085
1.09781874092
0.966672951136
0.943310804274
0.882555954273
0.789859417152
0.758474294444
0.656677446995
0.595986377002
0.554511893053
0.4913206687
0.413420752469
0.314570175419
0.192962639505
0.150959245319
0.106091750052
0.0856627764703
0.0490898683896
0.049057602649
0.0265844432304
0.00532664323041
0.0
0.0
0.0
0.0
0.0
0.0
0.0
0.0
0.0
0.0
0.0
0.0
0.0
0.0
0.0
0.0
0.0
0.0
0.0
0.0
0.0
0.0
0.0
0.0
0.0
0.0
0.0
0.0
0.0
0.0
0.0
0.0
0.0
0.0
0.0
0.0
0.0
0.0
0.0
0.0
0.0
0.0
0.0
0.0
0.0
0.0
0.0
0.0
0.0
0.0
0.0
0.0
0.0
0.0
0.0
0.0
0.0
0.0
0.0
0.0
0.0
0.0
0.0
0.0
0.0
0.0
0.0
0.0
0.0
0.0
0.0
0.0
0.0
0.0
0.0
0.0
0.0
0.0
0.0
0.0
0.0
0.0
0.0
0.0
0.0
0.0
0.0
0.0
0.0
0.0
0.0
0.0
0.0
0.0
0.0
0.0
0.0
0.0
0.0
0.0
0.0
0.0
0.0
0.0
0.0
0.0
0.0
0.0
0.0
0.0
0.0
0.0
0.0
0.0
0.0
0.0
0.0
0.0
0.0
0.0
0.0
0.0
0.0
0.0
0.0
0.0
0.0
0.0
0.0
0.0
0.0
0.0
0.0
0.0
0.0
0.0
0.0
0.0
0.0
0.0
0.0
0.0
0.0
0.0
0.0
0.0
0.0
0.0
0.0
0.0
0.0
0.0
0.0
0.0
0.0
0.00809866169473
0.0292706947813
0.0514771083851
0.0808633053655
0.10752191325
0.182806017973
0.242014727376
0.312954896612
0.388087149567
0.449617752688
0.500001984022
0.55822722201
0.598154098375
0.654416030727
0.729191855609
0.81143011143
0.88521441546
0.966975502962
1.04462868057
1.1213181519
1.21829850238
1.28070791876
1.36473040993
1.4318986406
1.50703301236
1.56242343798
1.6023953565
0.888787763823
0.540124426925
0.568279874958
0.557358340655
0.549232937122
0.543285932618
0.537480041906
1.60070390599
2.20729229575
2.30222045045
2.37242127975
2.42842627168
2.51020305727
2.5280332385
2.5987613622
2.64162345419
2.69001816706
2.70881486189
2.74922889513
2.8073110984
1.58465233077
1.43698921579
2.79340283678
2.97046289341
2.36057922915
1.34632266291
1.3904637553
2.36192115088
3.10593036027
3.11001549224
3.17646746121
3.23691500613
3.19283268723
3.23797255253
3.23797255253
3.28627941872
3.28823467763
3.26257853188
3.24520213197
3.25554482503
3.28641448418
3.24016637003
3.28125565855
3.21445553651
3.23194851232
3.20211374993
3.16728319738
3.13857622148
3.11191880837
3.13343788878
3.07403482492
3.05766256787
3.04861324726
3.01475232638
2.99550653168
2.92799811338
2.89661833706
2.86214151825
2.80382461044
2.787974619
2.72068044266
2.67774011112
2.63049509773
2.58420933199
2.54529878441
2.46449877997
2.41684845751
2.37823255171
2.29575829932
2.24583246338
2.17651686812
2.12112026257
2.08168126211
2.01778245851
1.9413932049
1.88169650786
1.79828472194
1.73880532043
1.67439320817
1.5983439114
1.52355028547
1.45476296202
1.39107406176
1.29289682696
1.20679674145
1.1528015081
1.07989500912
0.967621655473
0.917351729019
0.825213929604
0.718229886053
0.68395711601
0.597158043561
0.533212796871
0.525756439494
0.458778344677
0.377669790842
0.315604867741
0.200734989187
0.15504671912
0.123655929094
0.0994809169582
0.0624530969091
0.0395052641789
0.0266983551919
0.00825344643237
0.0
0.0
0.0
0.0
0.0
0.0
0.0
0.0
0.0
0.0
0.0
0.0
0.0
0.0
0.0
0.0
0.0
0.0
0.0
0.0
0.0
0.0
0.0
0.0
0.0
0.0
0.0
0.0
0.0
0.0
0.0
0.0
0.0
0.0
0.0
0.0
0.0
0.0
0.0
0.0
0.0
0.0
0.0
0.0
0.0
0.0
0.0
0.0
0.0
0.0
0.0
0.0
0.0
0.0
0.0
0.0
0.0
0.0
0.0
0.0
0.0
0.0
0.0
0.0
0.0
0.0
0.0
0.0
0.0
0.0
0.0
0.0
0.0
0.0
0.0
0.0
0.0
0.0
0.0
0.0
0.0
0.0
0.0
0.0
0.0
0.0
0.0
0.0
0.0
0.0
0.0
0.0
0.0
0.0
0.0
0.0
0.0
0.0
0.0
0.0
0.0
0.0
0.0
0.0
0.0
0.0
0.0
0.0
0.0
0.0
0.0
0.0
0.0
0.0
0.0
0.0
0.0
0.0
0.0
0.0
0.0
0.0
0.0
0.0
0.0
0.0
0.0
0.0
0.0
0.0
0.0
0.0
0.0
0.0
0.0
0.0
0.0
0.0
0.0
0.0
0.0
0.0
0.0
0.0
0.0
0.0
0.0
0.0
0.0
0.0
0.0
0.0
0.0
0.00248624341313
0.0323315623812
0.0642622558806
0.0939339029502
0.117410293361
0.151340252226
0.203058882296
0.315247423848
0.365805668152
0.405551623823
0.47391505682
0.558411194908
0.635758444293
0.717089978427
0.787704820252
0.883155584437
0.982329437344
1.05839646289
1.10469431217
1.13209133212
1.17561743982
1.24533604744
1.31832537559
1.40832894467
1.5249202987
1.6242896141
1.71329235032
1.75075210652
1.7703052139
0.966387310843
0.48010400204
0.495459881157
0.492266187088
0.492101401741
0.49275410483
0.488904013726
1.5691393362
2.30582626135
2.35910014696
2.43722416111
2.49960674932
2.58223631765
2.60717624161
2.71026193218
2.76263059629
2.82183138299
2.85287722636
2.92856178846
2.94360094063
2.04105128354
1.4307314538
2.94604728915
3.09886747939
2.6407037881
1.85230214286
2.62427840542
2.30427579866
3.08456679876
3.26229118947
3.27543932094
3.21708164194
2.73705284422
3.0509486634
3.31959408914
3.29375614974
3.10902999679
3.2059920775
3.26940452095
3.26744954046
3.32065937587
3.31311621772
3.30192641368
3.29697560575
3.27365087548
3.29094263931
3.26137168269
3.2377328039
3.22536702828
3.17331102176
3.12433413595
3.10799360808
3.05690877667
3.042677497
3.04379480203
3.00384452292
2.90599173079
2.935738414
2.87686986407
2.86190619137
2.78843417474
2.72842147547
2.70551410892
2.64303931904
2.60918610227
2.58086780883
2.47901164865
2.44423111806
2.40306568195
2.34177312137
2.25352438741
2.19996445965
2.14147256237
2.09579533479
2.01634647495
1.9369993088
1.88047479116
1.8097532563
1.72237925386
1.64075711346
1.58672165488
1.50980467816
1.42680496773
1.35975266549
1.28814123934
1.22504310651
1.13229355066
0.993282598501
0.97309054432
0.933798146826
0.807309129346
0.743308916055
0.674410318545
0.587342210609
0.553960918542
0.483590127597
0.405952624121
0.325746059114
0.21791045531
0.186045995896
0.123331184042
0.0925640663332
0.0590627386732
0.0426757497552
0.0235028602951
0.0082397770778
0.0
0.0
0.0
0.0
0.0
0.0
0.0
0.0
0.0
0.0
0.0
0.0
0.0
0.0
0.0
0.0
0.0
0.0
0.0
0.0
0.0
0.0
0.0
0.0
0.0
0.0
0.0
0.0
0.0
0.0
0.0
0.0
0.0
0.0
0.0
0.0
0.0
0.0
0.0
0.0
0.0
0.0
0.0
0.0
0.0
0.0
0.0
0.0
0.0
0.0
0.0
0.0
0.0
0.0
0.0
0.0
0.0
0.0
0.0
0.0
0.0
0.0
0.0
0.0
0.0
0.0
0.0
0.0
0.0
0.0
0.0
0.0
0.0
0.0
0.0
0.0
0.0
0.0
0.0
0.0
0.0
0.0
0.0
0.0
0.0
0.0
0.0
0.0
0.0
0.0
0.0
0.0
0.0
0.0
0.0
0.0
0.0
0.0
0.0
0.0
0.0
0.0
0.0
0.0
0.0
0.0
0.0
0.0
0.0
0.0
0.0
0.0
0.0
0.0
0.0
0.0
0.0
0.0
0.0
0.0
0.0
0.0
0.0
0.0
0.0
0.0
0.0
0.0
0.0
0.0
0.0
0.0
0.0
0.0
0.0
0.0
0.0
0.0
0.0
0.0
0.0
0.0
0.0
0.0
0.0
0.0
0.0
0.0
0.0
0.0
0.0
0.0
0.0
0.0
0.00521753656321
0.0229609718443
0.0416786034908
0.0609141685407
0.0805104588235
0.107053676265
0.198990572392
0.254779194478
0.307747090121
0.371718906082
0.443460335629
0.504741539154
0.570769051761
0.644013180903
0.718153079444
0.789051765341
0.867826986159
0.945465259768
1.02190671852
1.0973471455
1.16925631815
1.24261896837
1.29810482538
1.387471884
1.46959514571
1.54615771344
1.60021025976
1.67093036087
0.947722305022
0.443403177115
0.443403177115
0.443701245731
0.451570294733
0.451570294733
0.463266084831
1.51078087578
2.26073919067
2.30871556206
2.38312787074
2.44905030379
2.51036481007
2.58692479509
2.64541349868
2.67073441758
2.71874975552
2.73971825034
2.77674909902
2.81597933525
2.40846024142
1.27491339321
2.63874152076
2.99255600435
2.58987825451
2.04634174424
2.41474129589
2.04437183028
3.14463517234
3.18029897041
3.19867825188
3.24154483997
3.23867313323
3.29179455034
3.32368715341
3.34634248473
3.34140345748
3.30556696474
3.25422865117
3.30556696474
3.31959408914
3.31763550883
3.27470748545
3.25027554221
3.23082072583
3.24405201638
3.23596456483
3.21649515607
3.13851117635
3.12105446536
3.13019926487
3.08821234492
3.01224536835
2.90695607448
2.9594520485
2.92455830491
2.8950294156
2.86736645736
2.87623233869
2.8756389584
2.82052875801
2.73833992511
2.65337210062
2.5933102567
2.5470485431
2.49762815363
2.4418682898
2.39435097531
2.34047086112
2.26481917697
2.23854555308
2.16825891481
2.08362579989
2.01646322562
1.96591553767
1.90157308359
1.83918607202
1.76828184767
1.6997786737
1.63596658244
1.5633975964
1.49997096076
1.42495374512
1.33887619868
1.27089026056
1.20482092658
1.13043711564
1.00571805171
0.978526714802
0.935479146142
0.76884057615
0.760267994081
0.666010712807
0.57949622701
0.557140984658
0.482800345555
0.401758334745
0.33596535617
0.231744781307
0.199814417729
0.143824675983
0.102548927896
0.0721850231384
0.055618736668
0.0329295146974
0.0111898175915
0.0
0.0
0.0
0.0
0.0
0.0
0.0
0.0
0.0
0.0
0.0
0.0
0.0
0.0
0.0
0.0
0.0
0.0
0.0
0.0
0.0
0.0
0.0
0.0
0.0
0.0
0.0
0.0
0.0
0.0
0.0
0.0
0.0
0.0
0.0
0.0
0.0
0.0
0.0
0.0
0.0
0.0
0.0
0.0
0.0
0.0
0.0
0.0
0.0
0.0
0.0
0.0
0.0
0.0
0.0
0.0
0.0
0.0
0.0
0.0
0.0
0.0
0.0
0.0
0.0
0.0
0.0
0.0
0.0
0.0
0.0
0.0
0.0
0.0
0.0
0.0
0.0
0.0
0.0
0.0
0.0
0.0
0.0
0.0
0.0
0.0
0.0
0.0
0.0
0.0
0.0
0.0
0.0
0.0
0.0
0.0
0.0
0.0
0.0
0.0
0.0
0.0
0.0
0.0
0.0
0.0
0.0
0.0
0.0
0.0
0.0
0.0
0.0
0.0
0.0
0.0
0.0
0.0
0.0
0.0
0.0
0.0
0.0
0.0
0.0
0.0
0.0
0.0
0.0
0.0
0.0
0.0
0.0
0.0
0.0
0.0
0.0
0.0
0.0
0.0
0.0
0.0
0.0
0.0
0.0
0.0
0.0
0.0
0.0
0.0
0.0
0.0
0.0
0.0
0.0
0.0139208738827
0.0480533838979
0.0706613942987
0.0936810535663
0.123773524669
0.198857568827
0.250942099906
0.296548927752
0.357089857289
0.417993672887
0.457113766116
0.537960466601
0.608150053302
0.659596794
0.721849528952
0.82279083487
0.882771430093
0.924542736725
0.989363688074
1.12948807959
1.22319569115
1.30444695691
1.3703056871
1.44745824997
1.53304821824
1.60021025976
1.64328427467
0.990552582815
0.465830858528
0.466454063586
0.485518102127
0.500843362071
0.51186131994
0.515884552158
1.48474719202
2.20216637612
2.30260159491
2.40451138196
2.49949549312
2.51064981742
2.56346152066
2.61059673546
2.70450175541
2.7553613292
2.77874901989
2.80604262894
2.84822132195
2.72859802761
1.39407089973
2.35023480255
3.01948482385
2.47337080186
2.22468176386
1.89088324182
1.84218300003
3.23549871034
3.2078836333
3.22523604128
3.21507305051
3.24698421915
3.28593006827
3.34199931264
3.35427850542
3.3299384985
3.30682406299
3.34354880771
3.25027554221
3.18360346171
3.26650784395
3.25938352633
3.270477318
3.19386849985
3.24207354909
3.21842688543
3.11618385815
3.1457584506
3.12433413595
3.1580138465
3.15798897167
3.12434234225
3.1090625756
3.05301881439
3.02143768218
2.99309161179
2.98807072499
2.92500176357
2.88654539767
2.84784512627
2.81136450119
2.78389798388
2.7155225458
2.65169523354
2.58390302346
2.52978717078
2.45807106208
2.42027537701
2.35118925114
2.27021976441
2.18972297643
2.13817358749
2.07489118049
1.99326713796
1.92503686887
1.86092787808
1.79577238406
1.7596415031
1.70045693725
1.62222521891
1.54070054629
1.46960024942
1.38352484128
1.28866994037
1.19588536099
1.13393458633
1.00670244997
0.948814718757
0.903475619436
0.784773922176
0.730518914521
0.651844919704
0.561785796354
0.532165770284
0.472809552993
0.40974965512
0.333217196657
0.243213661916
0.203945147471
0.140595271887
0.0926247740606
0.069038482631
0.0623296541674
0.0329836074901
0.0142302957125
0.0
0.0
0.0
0.0
0.0
0.0
0.0
0.0
0.0
0.0
0.0
0.0
0.0
0.0
0.0
0.0
0.0
0.0
0.0
0.0
0.0
0.0
0.0
0.0
0.0
0.0
0.0
0.0
0.0
0.0
0.0
0.0
0.0
0.0
0.0
0.0
0.0
0.0
0.0
0.0
0.0
0.0
0.0
0.0
0.0
0.0
0.0
0.0
0.0
0.0
0.0
0.0
0.0
0.0
0.0
0.0
0.0
0.0
0.0
0.0
0.0
0.0
0.0
0.0
0.0
0.0
0.0
0.0
0.0
0.0
0.0
0.0
0.0
0.0
0.0
0.0
0.0
0.0
0.0
0.0
0.0
0.0
0.0
0.0
0.0
0.0
0.0
0.0
0.0
0.0
0.0
0.0
0.0
0.0
0.0
0.0
0.0
0.0
0.0
0.0
0.0
0.0
0.0
0.0
0.0
0.0
0.0
0.0
0.0
0.0
0.0
0.0
0.0
0.0
0.0
0.0
0.0
0.0
0.0
0.0
0.0
0.0
0.0
0.0
0.0
0.0
0.0
0.0
0.0
0.0
0.0
0.0
0.0
0.0
0.0
0.0
0.0
0.0
0.0
0.0
0.0
0.0
0.0
0.0
0.0
0.0
0.0
0.0
0.0
0.0
0.0
0.0
0.0
0.0
0.0
0.016934470887
0.0385839819405
0.0642403399888
0.0872744498081
0.113972150191
0.182194684438
0.227472954142
0.280464669968
0.326766787997
0.37730716055
0.445397292386
0.499165050556
0.566493271122
0.640087645493
0.707861596496
0.779134362186
0.850251359609
0.917891237415
0.98643606279
1.05256208678
1.13360570933
1.19394493653
1.25727353783
1.29996292374
1.39195635561
1.45712593936
1.53165574293
1.03216879242
0.615697218263
0.630342241156
0.635110854297
0.653526431997
0.67306467745
0.67747210142
1.46000490218
2.12628551815
2.21373871466
2.23032659997
2.30033749234
2.34715411057
2.41086440216
2.45484018739
2.47810010558
2.55836795301
2.62035437869
2.64678486798
2.68474114028
2.69682995799
1.53083197882
1.95974602282
2.80201302304
2.3851024389
2.35611749221
1.67559479885
1.87526324037
2.98627582702
3.00545800808
3.01736841481
3.0825586807
3.06109715016
3.0722419029
3.11105712245
3.10177801481
3.14269654798
3.14577427831
3.15086681191
3.16002547447
3.12941792273
3.09982334415
3.12635602011
3.14575737265
3.12333067742
3.09172066012
3.04478835147
3.07324930454
3.12739765031
3.08556034819
3.06940415022
3.00122730692
3.00922988005
2.93501022285
2.94957928925
2.90401316023
2.87345863724
2.80234402563
2.77935541157
2.72181787901
2.6970658572
2.60429455367
2.59449367313
2.54436770221
2.52172795898
2.46531347635
2.39693397276
2.31960078462
2.27095489811
2.21413843818
2.15956775499
2.08091329982
2.03772617755
1.95604762674
1.88842354163
1.84231728342
1.77321547519
1.71057746156
1.6406493349
1.57316754043
1.51420995085
1.46272333767
1.38352484128
1.32109774234
1.24715192241
1.16527575564
1.09180444786
0.979815921181
0.888474034394
0.869079350129
0.739045068839
0.712346537415
0.655388530859
0.528445523891
0.490998458619
0.420627980147
0.35469006786
0.318082235496
0.256769607505
0.192899007408
0.130050280055
0.0856627764703
0.0458645257528
0.014220923866
0.00533362153489
0.00253384463271
0.0
0.0
0.0
0.0
0.0
0.0
0.0
0.0
0.0
0.0
0.0
0.0
0.0
0.0
0.0
0.0
0.0
0.0
0.0
0.0
0.0
0.0
0.0
0.0
0.0
0.0
0.0
0.0
0.0
0.0
0.0
0.0
0.0
0.0
0.0
0.0
0.0
0.0
0.0
0.0
0.0
0.0
0.0
0.0
0.0
0.0
0.0
0.0
0.0
0.0
0.0
0.0
0.0
0.0
0.0
0.0
0.0
0.0
0.0
0.0
0.0
0.0
0.0
0.0
0.0
0.0
0.0
0.0
0.0
0.0
0.0
0.0
0.0
0.0
0.0
0.0
0.0
0.0
0.0
0.0
0.0
0.0
0.0
0.0
0.0
0.0
0.0
0.0
0.0
0.0
0.0
0.0
0.0
0.0
0.0
0.0
0.0
0.0
0.0
0.0
0.0
0.0
0.0
0.0
0.0
0.0
0.0
0.0
0.0
0.0
0.0
0.0
0.0
0.0
0.0
0.0
0.0
0.0
0.0
0.0
0.0
0.0
0.0
0.0
0.0
0.0
0.0
0.0
0.0
0.0
0.0
0.0
0.0
0.0
0.0
0.0
0.0
0.0
0.0
0.0
0.0
0.0
0.0
0.0
0.0
0.0
0.0
0.0
0.0
0.0
0.0
0.0
0.0
0.0
0.0
0.0
0.0199948773608
0.0546461323251
0.0775140855079
0.120898475528
0.203058882296
0.251956918049
0.297846879651
0.347816989528
0.405276759341
0.459727982755
0.524988748508
0.588331086962
0.654637125699
0.729191855609
0.78981639781
0.871899657715
0.943324735829
1.02738431384
1.097090821
1.17748087633
1.25218022701
1.32513420118
1.38470039454
1.45323876701
1.53723464898
1.62470307916
1.09637851948
0.579771364628
0.584064681564
0.588359641661
0.589719166456
0.601098566824
0.608566519369
1.44821853442
2.2279213073
2.27504611648
2.35396964561
2.41079503918
2.47171571569
2.52637123728
2.59009031137
2.64104661798
2.71601392643
2.75912805911
2.76721900009
2.80234402563
2.86002040226
1.33411003241
1.46405045914
2.8759497776
2.38860966985
2.66268516809
1.41710516481
1.87491394105
3.15089478596
3.19182542858
3.2000115571
3.21230902679
3.25847753532
3.2760894693
3.26787161159
3.28217048987
3.26997876877
3.21555982897
3.29480653182
3.28762978512
3.31950769871
3.29480653182
3.27644803558
3.31860614077
3.31143557571
3.27843722817
3.24555574084
3.24972888885
3.20018542234
3.17330420166
3.11645937851
3.04018981048
3.02996780744
3.01858002618
3.05392369977
3.00282121874
2.98136240485
2.92521376216
2.86420782702
2.79840291971
2.80928402916
2.74529620414
2.72720531578
2.66604732069
2.59275876022
2.54635643606
2.50410230424
2.44080966841
2.41896892029
2.340529427
2.27112582379
2.16228055397
2.08987756207
2.00218520919
1.94077530534
1.83278530844
1.79279494907
1.72915785139
1.65769741337
1.59429973798
1.50386424728
1.45067894637
1.39212634221
1.32845491978
1.2111332046
1.13395142269
1.0675438327
0.959191177658
0.833634948169
0.818279347413
0.680607482215
0.649400755892
0.592550728811
0.479946941387
0.472036011821
0.415997450842
0.370838139507
0.305034346894
0.22961733029
0.183490986309
0.123939773746
0.0963316700127
0.0726129713037
0.0592179421002
0.0330924965913
0.0142677972325
0.0
0.0
0.0
0.0
0.0
0.0
0.0
0.0
0.0
0.0
0.0
0.0
0.0
0.0
0.0
0.0
0.0
0.0
0.0
0.0
0.0
0.0
0.0
0.0
0.0
0.0
0.0
0.0
0.0
0.0
0.0
0.0
0.0
0.0
0.0
0.0
0.0
0.0
0.0
0.0
0.0
0.0
0.0
0.0
0.0
0.0
0.0
0.0
0.0
0.0
0.0
0.0
0.0
0.0
0.0
0.0
0.0
0.0
0.0
0.0
0.0
0.0
0.0
0.0
0.0
0.0
0.0
0.0
0.0
0.0
0.0
0.0
0.0
0.0
0.0
0.0
0.0
0.0
0.0
0.0
0.0
0.0
0.0
0.0
0.0
0.0
0.0
0.0
0.0
0.0
0.0
0.0
0.0
0.0
0.0
0.0
0.0
0.0
0.0
0.0
0.0
0.0
0.0
0.0
0.0
0.0
0.0
0.0
0.0
0.0
0.0
0.0
0.0
0.0
0.0
0.0
0.0
0.0
0.0
0.0
0.0
0.0
0.0
0.0
0.0
0.0
0.0
0.0
0.0
0.0
0.0
0.0
0.0
0.0
0.0
0.0
0.0
0.0
0.0
0.0
0.0
0.0
0.0
0.0
0.0
0.0
0.0
0.0
0.0
0.0
0.0
0.0
0.0
0.0
0.0
0.0110679120747
0.0325707489204
0.0615502585262
0.0880067763977
0.125064185965
0.207773743795
0.253476861747
0.303405123519
0.357451458867
0.419141288635
0.485036970083
0.548143579077
0.618584368802
0.689250210562
0.764267786125
0.842914208145
0.922788454257
0.9916966589
1.056759014
1.13504019404
1.21647343326
1.30513464132
1.3751816815
1.44543029069
1.50572781131
1.57304202538
1.62654282771
1.10362224678
0.546160925207
0.557321664387
0.572601811985
0.572786677138
0.573166879406
0.577280029533
1.37181677373
1.98464806642
2.18770003154
2.12411274247
2.21526241359
2.36570538402
2.46774131363
2.55327700525
2.63408442617
2.71904353929
2.79200478945
2.83847122248
2.87782252682
2.91444593321
1.70872319672
0.991708889119
2.08649452549
2.3342279804
2.84641376301
1.31269782537
1.86815065147
3.13654404252
3.2421533582
3.26376268274
3.22373065462
3.1508379629
3.29463234189
3.30074304241
3.27091586017
3.25448014476
3.3305780787
3.22888948025
3.29691313567
3.30119679624
3.31751956195
3.32273093421
3.26100555377
3.35375503213
3.30119679624
3.28057282902
3.31357117657
3.26413186377
3.24559616311
3.1991628663
3.20741245319
3.17235154392
3.11245760917
3.12169986224
3.05864027641
3.02564192887
2.97929692826
2.90836020896
2.86218442045
2.84894387757
2.77449174603
2.73575328409
2.67510302221
2.59724068568
2.56200543323
2.4892800082
2.4200585276
2.32167225052
2.2471401242
2.22874634626
2.14507750852
2.07985719897
2.01075007773
1.95996976486
1.86936636247
1.81386986157
1.72400127833
1.65030251002
1.5705504465
1.48210589156
1.40986860282
1.350696674
1.28212553783
1.20646434235
1.14637969676
1.04563848872
0.974960842509
0.851450118347
0.816685191068
0.755069268992
0.689304531411
0.621308339379
0.52374383663
0.49729507392
0.437615800502
0.374625319671
0.315808618368
0.257784838692
0.200670277522
0.134026774229
0.0996112538277
0.0625142893958
0.0492841775881
0.0298793393497
0.0112377083988
0.0
0.0
0.0
0.0
0.0
0.0
0.0
0.0
0.0
0.0
0.0
0.0
0.0
0.0
0.0
0.0
0.0
0.0
0.0
0.0
0.0
0.0
0.0
0.0
0.0
0.0
0.0
0.0
0.0
0.0
0.0
0.0
0.0
0.0
0.0
0.0
0.0
0.0
0.0
0.0
0.0
0.0
0.0
0.0
0.0
0.0
0.0
0.0
0.0
0.0
0.0
0.0
0.0
0.0
0.0
0.0
0.0
0.0
0.0
0.0
0.0
0.0
0.0
0.0
0.0
0.0
0.0
0.0
0.0
0.0
0.0
0.0
0.0
0.0
0.0
0.0
0.0
0.0
0.0
0.0
0.0
0.0
0.0
0.0
0.0
0.0
0.0
0.0
0.0
0.0
0.0
0.0
0.0
0.0
0.0
0.0
0.0
0.0
0.0
0.0
0.0
0.0
0.0
0.0
0.0
0.0
0.0
0.0
0.0
0.0
0.0
0.0
0.0
0.0
0.0
0.0
0.0
0.0
0.0
0.0
0.0
0.0
0.0
0.0
0.0
0.0
0.0
0.0
0.0
0.0
0.0
0.0
0.0
0.0
0.0
0.0
0.0
0.0
0.0
0.0
0.0
0.0
0.0
0.0
0.0
0.0
0.0
0.0
0.0
0.0
0.0
0.0
0.0
0.0
0.00809324759165
0.0261457379485
0.0482158062374
0.0676300533321
0.0874502543231
0.120898475528
0.19619667317
0.245194832977
0.291164424303
0.338020288299
0.391949731701
0.450064701853
0.512467135
0.582731127144
0.64179230849
0.701368349916
0.779910566142
0.866124392307
0.946154877267
1.01941039155
1.10419720458
1.19486576317
1.28028098978
1.337689216
1.41358514251
1.49250497661
1.56111695165
1.63626699188
1.14843599369
0.57387081323
0.581693665941
0.585794832493
0.593835792073
0.605630546167
0.610170499941
1.42326966582
2.23190674725
2.29400149479
2.35706177578
2.41954895439
2.49988152325
2.54661044634
2.58134953732
2.65315923257
2.70603289417
2.75594349408
2.80690708121
2.8334768458
2.88093901111
2.24365938137
1.0126320653
1.63178518605
1.90380082007
2.67657953037
1.59532686678
1.96417416262
3.02703151917
3.13754425425
3.12735069006
3.20820803023
3.24006556139
3.23596456483
3.26269800246
3.28413368108
3.27303780085
3.27620286953
3.3316726404
3.29570781975
3.31001816052
3.33578950155
3.25881175709
3.245471377
3.22282572083
3.17132013384
3.16004521065
3.04900551672
3.02510567173
3.14966534499
3.09083407486
3.1226911117
3.0949588683
3.10744289468
3.04862743928
3.06196052076
3.0807491886
2.99535708906
2.96629021633
2.9634381197
2.87533275699
2.84066818703
2.73834158047
2.68607031494
2.60102722085
2.55944047269
2.53013786001
2.46991827131
2.44318076754
2.34990167002
2.22603817193
2.11193308368
2.09178952577
2.03103045958
1.99374563319
1.90193443413
1.82347014044
1.77628255393
1.69969068847
1.59669079678
1.49498910558
1.41271640287
1.36071273962
1.28228774194
1.18889280917
1.11450420314
1.05555939348
0.988803771611
0.865114340974
0.784820060511
0.724148281144
0.633442938458
0.599500546415
0.490814271895
0.471881500307
0.433776988732
0.370838139507
0.308659405747
0.247357904478
0.200867949206
0.144583493888
0.103158495285
0.0827339570622
0.0659261287745
0.039544543296
0.0204310504619
0.00254221585669
0.0
0.0
0.0
0.0
0.0
0.0
0.0
0.0
0.0
0.0
0.0
0.0
0.0
0.0
0.0
0.0
0.0
0.0
0.0
0.0
0.0
0.0
0.0
0.0
0.0
0.0
0.0
0.0
0.0
0.0
0.0
0.0
0.0
0.0
0.0
0.0
0.0
0.0
0.0
0.0
0.0
0.0
0.0
0.0
0.0
0.0
0.0
0.0
0.0
0.0
0.0
0.0
0.0
0.0
0.0
0.0
0.0
0.0
0.0
0.0
0.0
0.0
0.0
0.0
0.0
0.0
0.0
0.0
0.0
0.0
0.0
0.0
0.0
0.0
0.0
0.0
0.0
0.0
0.0
0.0
0.0
0.0
0.0
0.0
0.0
0.0
0.0
0.0
0.0
0.0
0.0
0.0
0.0
0.0
0.0
0.0
0.0
0.0
0.0
0.0
0.0
0.0
0.0
0.0
0.0
0.0
0.0
0.0
0.0
0.0
0.0
0.0
0.0
0.0
0.0
0.0
0.0
0.0
0.0
0.0
0.0
0.0
0.0
0.0
0.0
0.0
0.0
0.0
0.0
0.0
0.0
0.0
0.0
0.0
0.0
0.0
0.0
0.0
0.0
0.0
0.0
0.0
0.0
0.0
0.0
0.0
0.0
0.0
0.0
0.0
0.0
0.0
0.0
0.0
0.0170883290204
0.0453354710318
0.0648670750131
0.0914373349161
0.125232383578
0.201266801949
0.247082969439
0.30054224545
0.361893757423
0.423900100472
0.486483323839
0.556994512437
0.62767036151
0.694811791417
0.770312710144
0.845982043932
0.933444369936
1.00675625587
1.09472319506
1.16534303028
1.23857306573
1.31288478051
1.38314820255
1.46094364067
1.51500936392
1.59702194641
1.68761546679
1.21356992954
0.586762791739
0.612904710254
0.624538782558
0.642638945497
0.650990146929
0.656033157418
1.4329527865
2.24903883619
2.32882122289
2.39948024783
2.44363140226
2.50874719971
2.55550956902
2.63150754256
2.70515679819
2.76677707054
2.79695917493
2.83847122248
2.90032587499
2.93166914662
2.69684654431
1.11558991615
2.30445221489
1.5508437183
1.90535467859
1.79519940105
2.1234103906
3.04947643934
3.24636778459
3.29174664627
3.32273093421
3.34639311605
3.37526667015
3.398056238
3.36831692873
3.41377691184
3.45702621772
3.4303078148
3.35591875152
3.38091233243
3.44826648813
3.37592920428
3.42835514521
3.32611569129
3.36527802972
3.36721544685
3.31263882455
3.29505326215
3.28575431443
3.26300957639
3.17338640803
3.24450638
3.11267738265
3.16518286172
3.15905582061
3.12003410424
3.06657123403
3.0335490561
3.02533119839
2.98424190987
2.96929802849
2.93085612473
2.94604728915
2.81317278608
2.7136209145
2.62856737662
2.54041310391
2.48546729259
2.42255821662
2.35637282264
2.29266111759
2.22428172192
2.17605555555
2.11183569456
2.04237341217
1.98974775647
1.91852061784
1.81609859075
1.73766642497
1.66562970845
1.60565555291
1.52707181104
1.44373854706
1.36767351378
1.30059988724
1.22123785385
1.12785305042
1.01099029239
0.964086519097
0.886966510154
0.805872784957
0.740979708348
0.604857368275
0.563626956288
0.529658900852
0.465872346071
0.37754677695
0.31539849945
0.261117769889
0.168782136343
0.109900704113
0.0792819884513
0.0724944953975
0.0525646972364
0.0298695585578
0.0112303890921
0.0
0.0
0.0
0.0
0.0
0.0
0.0
0.0
0.0
0.0
0.0
0.0
0.0
0.0
0.0
0.0
0.0
0.0
0.0
0.0
0.0
0.0
0.0
0.0
0.0
0.0
0.0
0.0
0.0
0.0
0.0
0.0
0.0
0.0
0.0
0.0
0.0
0.0
0.0
0.0
0.0
0.0
0.0
0.0
0.0
0.0
0.0
0.0
0.0
0.0
0.0
0.0
0.0
0.0
0.0
0.0
0.0
0.0
0.0
0.0
0.0
0.0
0.0
0.0
0.0
0.0
0.0
0.0
0.0
0.0
0.0
0.0
0.0
0.0
0.0
0.0
0.0
0.0
0.0
0.0
0.0
0.0
0.0
0.0
0.0
0.0
0.0
0.0
0.0
0.0
0.0
0.0
0.0
0.0
0.0
0.0
0.0
0.0
0.0
0.0
0.0
0.0
0.0
0.0
0.0
0.0
0.0
0.0
0.0
0.0
0.0
0.0
0.0
0.0
0.0
0.0
0.0
0.0
0.0
0.0
0.0
0.0
0.0
0.0
0.0
0.0
0.0
0.0
0.0
0.0
0.0
0.0
0.0
0.0
0.0
0.0
0.0
0.0
0.0
0.0
0.0
0.0
0.0
0.0
0.0
0.0
0.0
0.0
0.0
0.0
0.0
0.0
0.0
0.00815292116505
0.0263388366499
0.0453652918522
0.0648452223792
0.0914680410549
0.132092053732
0.229378356201
0.282528861643
0.339828756524
0.393782185186
0.462959847665
0.532705214151
0.595565816823
0.651361708987
0.759767564348
0.831614831099
0.914916429314
0.987569675878
1.0678510323
1.13736412096
1.21485391381
1.27727683125
1.35105450186
1.44061044071
1.51929935311
1.57878131048
1.66190227554
1.75536847434
1.29610740958
0.544540898468
0.534126742166
0.552688312658
0.560861231052
0.568311690944
0.57949622701
1.43794216728
2.35087250021
2.40198973427
2.44684732033
2.55116839429
2.60914096255
2.67265232258
2.69947628139
2.75236070816
2.80991095251
2.8625328849
2.90806656302
2.92715069876
2.99506921959
3.01736841481
1.26190796368
2.054384595
2.23305074605
1.38034516995
1.6140908142
2.05172017805
2.97818639242
3.33622243381
3.37231130968
3.33232466081
3.34465144737
3.37752287819
3.39916245398
3.36460752958
3.39285242274
3.35961193124
3.40165927991
3.32362455985
3.35657143677
3.25469489594
2.69953529701
3.37437899934
3.40304603081
3.29998036856
3.31644781315
3.37939146359
3.3311270423
3.27750472754
3.25793012117
3.24651040262
3.23213199968
3.17441410564
3.18571078107
3.18780907107
3.1702893122
3.00139045343
3.07021010764
3.04862743928
2.91527571497
2.7610276972
2.76305386548
2.78514902804
2.64010009013
2.57906912171
2.51709819371
2.5008211242
2.52850499338
2.43099676229
2.29062104873
2.23844498789
2.19451740119
2.1099859301
2.05172017805
1.97891224728
1.90227648526
1.84816126786
1.76040418096
1.6853126978
1.60930763506
1.54192470136
1.44703100396
1.37472608186
1.30971761834
1.22362773325
1.17252322599
1.08693829418
0.963054205363
0.901983127136
0.790944489058
0.72579940805
0.694907841255
0.581439959453
0.49177367129
0.472342053133
0.298863864633
0.23723583901
0.219271525015
0.169557575084
0.103428705335
0.0661205450616
0.0462121789966
0.0332012481126
0.03638733212
0.0267512087724
0.00254473551952
0.0
0.0
0.0
0.0
0.0
0.0
0.0
0.0
0.0
0.0
0.0
0.0
0.0
0.0
0.0
0.0
0.0
0.0
0.0
0.0
0.0
0.0
0.0
0.0
0.0
0.0
0.0
0.0
0.0
0.0
0.0
0.0
0.0
0.0
0.0
0.0
0.0
0.0
0.0
0.0
0.0
0.0
0.0
0.0
0.0
0.0
0.0
0.0
0.0
0.0
0.0
0.0
0.0
0.0
0.0
0.0
0.0
0.0
0.0
0.0
0.0
0.0
0.0
0.0
0.0
0.0
0.0
0.0
0.0
0.0
0.0
0.0
0.0
0.0
0.0
0.0
0.0
0.0
0.0
0.0
0.0
0.0
0.0
0.0
0.0
0.0
0.0
0.0
0.0
0.0
0.0
0.0
0.0
0.0
0.0
0.0
0.0
0.0
0.0
0.0
0.0
0.0
0.0
0.0
0.0
0.0
0.0
0.0
0.0
0.0
0.0
0.0
0.0
0.0
0.0
0.0
0.0
0.0
0.0
0.0
0.0
0.0
0.0
0.0
0.0
0.0
0.0
0.0
0.0
0.0
0.0
0.0
0.0
0.0
0.0
0.0
0.0
0.0
0.0
0.0
0.0
0.0
0.0
0.0
0.0
0.0
0.0
0.0
0.0
0.0
0.0
0.0
0.0
0.0110641805908
0.0231777275393
0.0517186744316
0.0712804426165
0.0913157596047
0.14544741513
0.26742974815
0.327857879157
0.392734714659
0.461727665447
0.538088445462
0.612025164738
0.691370646804
0.777467553094
0.85223495414
0.93259559851
1.00802779805
1.08966615892
1.16531119497
1.25550800556
1.31796923456
1.39564583985
1.48523586139
1.57070873096
1.6351976368
1.7189589257
1.79404036001
1.87137978615
1.52381966321
0.397706132187
0.390657817878
0.390918076538
0.384116588469
0.391688121164
0.409350139073
1.41387103315
2.46608267853
2.42842627168
2.51988061143
2.73398471506
2.790457655
2.79723617695
2.90330884275
2.94477539961
2.95770195941
3.02771776917
3.06025785624
3.12333067742
3.153911772
3.1916283957
1.57590378264
1.60169733766
2.39341783144
1.98897170618
1.59429973798
2.07377164585
2.92013544266
3.42605268297
3.46010538201
3.48706313112
3.52532739041
3.51295301009
3.53171056945
3.52418627211
3.56707878362
3.59071840953
3.57947696084
3.56707878362
3.56707878362
3.54983714273
3.51863472956
3.52917351405
3.53630627485
3.49723650742
3.50209504256
3.48330706622
3.37462971062
3.40137873463
3.37548089833
3.30437337308
3.33958507505
3.27346146325
3.17235154392
3.17647633736
3.25700895326
3.15683076994
3.15472543922
3.13107548901
3.0507927872
2.95902216066
2.90836020896
2.94034926008
2.87954218093
2.8516663454
2.73488262531
2.64624483369
2.58329655042
2.53340950946
2.48110974427
2.38242132995
2.29693361637
2.23524231629
2.16010198332
2.08116866915
2.00369144997
1.97478651357
1.88586810802
1.84111839747
1.50966546034
1.53699474284
1.60067642424
1.48774544301
1.41091740804
1.33531363892
1.31118529743
1.20957911831
1.04428842422
1.00107747689
0.820004829362
0.762451282376
0.749943499987
0.662913141723
0.586155937178
0.548321179619
0.501515226513
0.37915516283
0.338838542639
0.269529128558
0.204748538749
0.113516009131
0.0861148901576
0.0793076977458
0.0559484690682
0.0363039234838
0.0142677972325
0.0
0.0
0.0
0.0
0.0
0.0
0.0
0.0
0.0
0.0
0.0
0.0
0.0
0.0
0.0
0.0
0.0
0.0
0.0
0.0
0.0
0.0
0.0
0.0
0.0
0.0
0.0
0.0
0.0
0.0
0.0
0.0
0.0
0.0
0.0
0.0
0.0
0.0
0.0
0.0
0.0
0.0
0.0
0.0
0.0
0.0
0.0
0.0
0.0
0.0
0.0
0.0
0.0
0.0
0.0
0.0
0.0
0.0
0.0
0.0
0.0
0.0
0.0
0.0
0.0
0.0
0.0
0.0
0.0
0.0
0.0
0.0
0.0
0.0
0.0
0.0
0.0
0.0
0.0
0.0
0.0
0.0
0.0
0.0
0.0
0.0
0.0
0.0
0.0
0.0
0.0
0.0
0.0
0.0
0.0
0.0
0.0
0.0
0.0
0.0
0.0
0.0
0.0
0.0
0.0
0.0
0.0
0.0
0.0
0.0
0.0
0.0
0.0
0.0
0.0
0.0
0.0
0.0
0.0
0.0
0.0
0.0
0.0
0.0
0.0
0.0
0.0
0.0
0.0
0.0
0.0
0.0
0.0
0.0
0.0
0.0
0.0
0.0
0.0
0.0
0.0
0.0
0.0
0.0
0.0
0.0
0.0
0.0
0.0
0.0
0.0
0.0
0.00804158643119
0.0291135889006
0.0448060498467
0.0772274058175
0.100386190197
0.107305941976
0.161808253667
0.26310449391
0.345401921025
0.443252756137
0.49120734555
0.572070617685
0.639161779101
0.422774279782
0.613651427075
0.925030402866
1.01730468274
0.956885534889
1.18099985203
0.87771430477
1.24781367933
1.32225716725
1.44789286207
1.62348956926
1.67645934719
1.51591167425
1.62953188949
1.8324028673
1.83693490682
1.40165297283
0.57519489863
0.508863182561
0.501785159325
0.512400563969
0.543327356987
0.566071696582
1.47158441498
2.35796752233
2.20764975367
2.70753549319
2.62635676448
2.60386483984
2.88468577845
2.34945705921
2.82574435587
2.74294617714
2.64042927032
2.93718576882
3.17226031271
3.20398635034
2.83939776186
2.16519598312
1.23535385562
2.10989531766
2.51950349896
2.74417218987
2.26267885762
2.80022853691
2.88905876391
3.58966235379
3.44173332968
3.56196241555
3.54595135763
3.61253876674
3.3760858065
3.44921470059
3.67516772417
3.2475108019
3.62847342637
3.62378021543
2.49111600152
3.66217212234
2.90849699209
3.46304990224
3.23312079356
3.7066136935
3.3922393031
3.13015152237
2.8165590886
3.67045162954
3.53601125804
3.10431198212
2.71496828181
3.35717975803
3.29412509194
3.22493253442
3.11544604133
3.0584524533
2.85029012231
2.86038808522
2.9347771485
2.71921378633
2.89240840297
2.81647104743
2.77501591487
2.6979736563
2.69040989623
2.53096630756
2.47720102612
2.46746598272
2.44148892573
2.15649310089
2.03488011937
1.16183773078
1.31534350341
2.07111654196
1.652440475
1.61431356907
1.50283728187
1.92200525894
1.91924133607
1.58755348166
1.25154202772
1.45239502332
1.37256129843
1.28128593685
1.10074007353
1.09613656484
0.98751544719
0.799382456451
0.639084115194
0.748915303267
0.669208774183
0.592550728811
0.520515497237
0.49017069209
0.434201332165
0.190624988962
0.179666901302
0.16894778278
0.0996442558785
0.109828561403
0.0927465069657
0.0691290079661
0.0298793393497
0.00253969988476
0.0
0.0
0.0
0.0
0.0
0.0
0.0
0.0
0.0
0.0
0.0
0.0
0.0
0.0
0.0
0.0
0.0
0.0
0.0
0.0
0.0
0.0
0.0
0.0
0.0
0.0
0.0
0.0
0.0
0.0
0.0
0.0
0.0
0.0
0.0
0.0
0.0
0.0
0.0
0.0
0.0
0.0
0.0
0.0
0.0
0.0
0.0
0.0
0.0
0.0
0.0
0.0
0.0
0.0
0.0
0.0
0.0
0.0
0.0
0.0
0.0
0.0
0.0
0.0
0.0
0.0
0.0
0.0
0.0
0.0
0.0
0.0
0.0
0.0
0.0
0.0
0.0
0.0
0.0
0.0
0.0
0.0
0.0
0.0
0.0
0.0
0.0
0.0
0.0
0.0
0.0
0.0
0.0
0.0
0.0
0.0
0.0
0.0
0.0
0.0
0.0
0.0
0.0
0.0
0.0
0.0
0.0
0.0
0.0
0.0
0.0
0.0
0.0
0.0
0.0
0.0
0.0
0.0
0.0
0.0
0.0
0.0
0.0
0.0
0.0
0.0
0.0
0.0
0.0
0.0
0.0
0.0
0.0
0.0
0.0
0.0
0.0
0.0
0.0
0.0
0.0
0.0
0.0
0.0
0.0
0.0
0.0
0.0
0.0
0.0
0.0
0.0
0.00803078521952
0.0352666756707
0.0671993162866
0.0902198599957
0.110246725711
0.106944189629
0.161049008806
0.257758158679
0.29322434907
0.350207491231
0.400872906025
0.46713312704
0.527803042763
0.65616974047
0.729434795967
0.808231116179
0.883742034703
0.959351633489
1.04322991469
1.12410535265
1.20963442532
1.28414815357
1.36836840425
1.45808238382
1.53889701003
1.58984730714
1.66148431581
1.72786006157
1.79832704052
1.59513076316
0.418413435281
0.425585297187
0.430092164394
0.441816335625
0.456676723567
0.471101422153
1.36508442177
2.31020033931
2.3836379384
2.42681827525
2.49096227462
2.56490255288
2.60596494894
2.67757023244
2.71648541302
2.75146960521
2.80182001152
2.83105191007
2.8837461463
2.92811025048
2.9584458132
2.65113026002
0.815629257314
1.62227420144
2.89532991363
2.52186034766
2.27985444383
2.59231613756
3.2205110199
3.2522540095
3.27078052499
3.31161645447
3.30876601922
3.31520519581
3.32234494708
3.34511015352
3.35637380729
3.33361447323
3.38600188136
3.35417699349
3.36131229492
3.32040898663
3.25678686066
3.27632882993
3.27632882993
3.27644803558
3.30545206261
3.27125916328
3.23516021846
3.18062951639
3.13729096466
3.16718510386
3.17853889909
3.12509612608
3.10974867438
3.05441815932
3.05441815932
3.01361835303
2.97797901352
2.91136994347
2.86549401325
2.81246013592
2.71817448711
2.70068952898
2.62494275505
2.54546433039
2.50005953403
2.43528515757
2.3576961885
2.30297491664
2.24253082811
2.16351376211
2.10118147015
2.04038132905
1.97634253737
1.89704401368
1.82863305825
1.75584402893
1.69858236861
1.61884216797
1.52852934402
1.46011604078
1.38201828532
1.33019941094
1.24074963136
1.16985537331
1.09573064145
0.968245710643
0.890797808679
0.806136759932
0.707330101243
0.650212181778
0.582732439442
0.530004071487
0.489209912983
0.426250130453
0.367295879016
0.290748298121
0.222478264716
0.169225380449
0.0998067229308
0.055966768081
0.0363277318807
0.0298987341408
0.0142677972325
0.0
0.0
0.0
0.0
0.0
0.0
0.0
0.0
0.0
0.0
0.0
0.0
0.0
0.0
0.0
0.0
0.0
0.0
0.0
0.0
0.0
0.0
0.0
0.0
0.0
0.0
0.0
0.0
0.0
0.0
0.0
0.0
0.0
0.0
0.0
0.0
0.0
0.0
0.0
0.0
0.0
0.0
0.0
0.0
0.0
0.0
0.0
0.0
0.0
0.0
0.0
0.0
0.0
0.0
0.0
0.0
0.0
0.0
0.0
0.0
0.0
0.0
0.0
0.0
0.0
0.0
0.0
0.0
0.0
0.0
0.0
0.0
0.0
0.0
0.0
0.0
0.0
0.0
0.0
0.0
0.0
0.0
0.0
0.0
0.0
0.0
0.0
0.0
0.0
0.0
0.0
0.0
0.0
0.0
0.0
0.0
0.0
0.0
0.0
0.0
0.0
0.0
0.0
0.0
0.0
0.0
0.0
0.0
0.0
0.0
0.0
0.0
0.0
0.0
0.0
0.0
0.0
0.0
0.0
0.0
0.0
0.0
0.0
0.0
0.0
0.0
0.0
0.0
0.0
0.0
0.0
0.0
0.0
0.0
0.0
0.0
0.0
0.0
0.0
0.0
0.0
0.0
0.0
0.0
0.0
0.0
0.0
0.0
0.0
0.0
0.0
0.0
0.0
0.0
0.0169573205528
0.0386487778973
0.0775140855079
0.117527250118
0.144718920646
0.189408386845
0.231271871437
0.316093377486
0.333668873974
0.330437865888
0.391424159504
0.562265967771
0.613665878026
0.584658434339
0.617756848361
0.843679935525
0.860067580073
0.969381509529
1.00055974453
0.945211466065
1.02219385282
0.935751891119
1.09130659626
1.36497068774
1.08131315638
0.886149435139
0.844590249921
1.0678510323
1.53961248608
0.646928225168
0.938477766462
1.04215863112
1.05677284896
1.06583899358
1.10529087444
1.2862133706
1.34942360737
1.45901313342
1.23898626149
0.984518951377
1.10768395182
1.38268512114
1.89479654442
1.83420458435
1.95053199102
2.24520739336
3.03121877786
2.41795555953
2.47575148161
2.98433620713
2.22652632651
2.23669610772
2.48225244484
2.72030290302
2.27583277022
2.29875167275
2.26336345751
2.32862438348
3.05825536414
3.49723574614
2.59080142859
2.91946134449
3.16514075782
3.62553677022
3.18148128569
3.23563135388
2.9695034204
2.935738414
2.7965808842
3.35116238444
3.50807919666
3.51036927808
3.49046263502
3.39862934844
3.3760858065
3.39697721618
3.28973258667
3.32667704206
3.28973258667
3.18164102354
3.14057097084
3.10473091288
3.17136447631
3.12308936729
3.01127278351
2.96520496423
2.92864343687
3.13034393917
3.09742188782
2.58221493099
3.09132712834
2.57314500063
2.59751301112
2.81694685115
2.70330042947
2.75894648384
2.69690596323
2.58126767079
2.4691910695
2.42548430733
2.34634059499
2.2509381328
2.1843232086
2.11201812276
2.06172717077
2.00010717798
1.94265737023
1.68874882255
1.3633680471
1.28578319686
1.37900232043
1.61937736651
1.52209751581
1.38851479524
1.30502702597
1.21457039063
1.07989500912
0.948071719403
0.874611085624
0.767563514295
0.714913333475
0.555602763483
0.641205579519
0.667762616347
0.573730590147
0.480525558851
0.359037127884
0.239643486807
0.133894682295
0.130392712786
0.106371227054
0.0961106909423
0.0558018930678
0.0330055089398
0.0112193661684
0.0
0.0
0.0
0.0
0.0
0.0
0.0
0.0
0.0
0.0
0.0
0.0
0.0
0.0
0.0
0.0
0.0
0.0
0.0
0.0
0.0
0.0
0.0
0.0
0.0
0.0
0.0
0.0
0.0
0.0
0.0
0.0
0.0
0.0
0.0
0.0
0.0
0.0
0.0
0.0
0.0
0.0
0.0
0.0
0.0
0.0
0.0
0.0
0.0
0.0
0.0
0.0
0.0
0.0
0.0
0.0
0.0
0.0
0.0
0.0
0.0
0.0
0.0
0.0
0.0
0.0
0.0
0.0
0.0
0.0
0.0
0.0
0.0
0.0
0.0
0.0
0.0
0.0
0.0
0.0
0.0
0.0
0.0
0.0
0.0
0.0
0.0
0.0
0.0
0.0
0.0
0.0
0.0
0.0
0.0
0.0
0.0
0.0
0.0
0.0
0.0
0.0
0.0
0.0
0.0
0.0
0.0
0.0
0.0
0.0
0.0
0.0
0.0
0.0
0.0
0.0
0.0
0.0
0.0
0.0
0.0
0.0